data_number:10
iter      cost      cost_change  |gradient|   |step|    tr_ratio  tr_radius  ls_iter  iter_time  total_time
   0  2.001520e+01    0.00e+00    1.32e+02   0.00e+00   0.00e+00  1.00e+04        0    7.37e-04    8.08e-04
   1  1.143944e-02    2.00e+01    1.32e+02   2.67e-01   9.99e-01  3.00e+04        1    1.09e-03    1.93e-03
   2  1.053562e-04    1.13e-02    1.32e+02   6.16e-03   9.94e-01  9.00e+04        1    1.20e-03    3.15e-03
   3  1.030614e-04    2.29e-06    1.32e+02   4.11e-04   5.84e-02  5.33e+04        1    1.25e-03    4.43e-03
   4  1.694842e-04   -6.64e-05    0.00e+00   7.55e-04  -1.22e+00  2.66e+04        1    3.83e-04    4.86e-03
   5  1.694787e-04   -6.64e-05    0.00e+00   7.55e-04  -1.22e+00  6.66e+03        1    2.78e-04    5.16e-03
   6  1.694459e-04   -6.64e-05    0.00e+00   7.54e-04  -1.22e+00  8.33e+02        1    2.54e-04    5.43e-03
   7  1.691402e-04   -6.61e-05    0.00e+00   7.53e-04  -1.21e+00  5.20e+01        1    2.53e-04    5.70e-03
   8  1.641392e-04   -6.11e-05    0.00e+00   7.34e-04  -1.12e+00  1.63e+00        1    2.52e-04    5.96e-03
   9  1.046434e-04   -1.58e-06    0.00e+00   4.10e-04  -3.58e-02  2.54e-02        1    2.51e-04    6.22e-03
  10  1.016126e-04    1.45e-06    1.32e+02   1.49e-05   6.22e-01  2.58e-02        1    8.56e-04    7.09e-03
  11  1.003455e-04    1.27e-06    1.32e+02   1.42e-05   5.87e-01  2.59e-02        1    9.03e-04    8.00e-03
  12  9.925575e-05    1.09e-06    1.32e+02   1.33e-05   5.50e-01  2.59e-02        1    8.29e-04    8.85e-03
  13  9.832738e-05    9.28e-07    1.32e+02   1.23e-05   5.10e-01  2.59e-02        1    8.28e-04    9.69e-03
  14  9.754014e-05    7.87e-07    1.32e+02   1.14e-05   4.69e-01  2.59e-02        1    8.29e-04    1.05e-02
  15  9.687426e-05    6.66e-07    1.32e+02   1.04e-05   4.29e-01  2.59e-02        1    8.28e-04    1.14e-02
  16  9.631305e-05    5.61e-07    1.32e+02   9.56e-06   3.88e-01  2.56e-02        1    8.68e-04    1.22e-02
  17  9.584347e-05    4.70e-07    1.32e+02   8.67e-06   3.50e-01  2.49e-02        1    8.30e-04    1.31e-02
  18  9.545531e-05    3.88e-07    1.32e+02   7.75e-06   3.13e-01  2.37e-02        1    8.55e-04    1.40e-02
  19  9.513977e-05    3.16e-07    1.32e+02   6.78e-06   2.81e-01  2.18e-02        1    8.27e-04    1.48e-02
  20  9.488818e-05    2.52e-07    1.32e+02   5.78e-06   2.52e-01  1.94e-02        1    8.58e-04    1.57e-02
  21  9.469145e-05    1.97e-07    1.32e+02   4.80e-06   2.28e-01  1.67e-02        1    8.26e-04    1.65e-02
  22  9.454025e-05    1.51e-07    1.32e+02   3.88e-06   2.08e-01  1.40e-02        1    8.67e-04    1.74e-02
  23  9.442568e-05    1.15e-07    1.32e+02   3.07e-06   1.92e-01  1.13e-02        1    8.59e-04    1.82e-02
  24  9.433977e-05    8.59e-08    1.32e+02   2.39e-06   1.80e-01  8.95e-03        1    1.31e-03    1.96e-02
  25  9.427583e-05    6.39e-08    1.32e+02   1.83e-06   1.70e-01  6.96e-03        1    1.21e-03    2.08e-02
  26  9.422848e-05    4.74e-08    1.32e+02   1.38e-06   1.63e-01  5.33e-03        1    1.19e-03    2.20e-02
  27  9.419353e-05    3.49e-08    1.32e+02   1.04e-06   1.58e-01  4.04e-03        1    1.16e-03    2.32e-02
  28  9.416779e-05    2.57e-08    1.32e+02   7.73e-07   1.54e-01  3.03e-03        1    1.06e-03    2.43e-02
  29  9.414887e-05    1.89e-08    1.32e+02   5.73e-07   1.51e-01  2.26e-03        1    9.26e-04    2.52e-02
  30  9.413497e-05    1.39e-08    1.32e+02   4.24e-07   1.49e-01  1.68e-03        1    8.79e-04    2.61e-02
  31  9.412477e-05    1.02e-08    1.32e+02   3.13e-07   1.47e-01  1.24e-03        1    8.72e-04    2.70e-02
  32  9.411728e-05    7.49e-09    1.32e+02   2.31e-07   1.46e-01  9.18e-04        1    8.78e-04    2.79e-02
  33  9.411179e-05    5.49e-09    1.32e+02   1.70e-07   1.45e-01  6.77e-04        1    8.43e-04    2.88e-02
  34  9.410776e-05    4.03e-09    1.32e+02   1.25e-07   1.45e-01  4.98e-04        1    8.44e-04    2.96e-02
  35  9.410481e-05    2.95e-09    1.32e+02   9.15e-08   1.44e-01  3.66e-04        1    8.51e-04    3.05e-02
  36  9.410264e-05    2.17e-09    1.32e+02   6.72e-08   1.44e-01  2.69e-04        1    8.43e-04    3.14e-02
  37  9.410105e-05    1.59e-09    1.32e+02   4.93e-08   1.44e-01  1.97e-04        1    8.58e-04    3.22e-02
  38  9.409989e-05    1.16e-09    1.32e+02   3.62e-08   1.43e-01  1.45e-04        1    8.44e-04    3.31e-02
  39  9.409904e-05    8.53e-10    1.32e+02   2.65e-08   1.43e-01  1.06e-04        1    8.44e-04    3.39e-02
  40  9.409841e-05    6.25e-10    1.32e+02   1.94e-08   1.43e-01  7.79e-05        1    8.44e-04    3.48e-02
  41  9.409795e-05    4.58e-10    1.32e+02   1.43e-08   1.43e-01  5.71e-05        1    1.07e-03    3.59e-02
  42  9.409762e-05    3.36e-10    1.32e+02   1.05e-08   1.43e-01  4.19e-05        1    1.20e-03    3.71e-02
H_my:
            1 -5.700731e-05  7.693617e-05      50.32299
 8.784154e-05     0.8659773    -0.5000834      99.63552
-3.811657e-05     0.5000834     0.8659773       149.412
            0             0             0             1
H_tsai:
   0.9999417  0.006720172 -0.008450245     50.18351
-0.009621382    0.9097574   -0.4150288     96.30322
 0.004898609    0.4150859     0.909769     146.7442
           0            0            0            1
H_park:
            1 -0.0001815658  9.125339e-05      50.32212
 0.0002028654     0.8659433    -0.5001421      99.64167
 1.178845e-05     0.5001421     0.8659434       149.415
            0             0             0             1
H_houard:
            1 -0.0001850346  2.586578e-05      50.32234
 0.0001731934     0.8661381    -0.4998047      99.62908
 7.007784e-05     0.4998047     0.8661381      149.4038
            0             0             0             1
H_andreff:
   0.9999961  0.002347446  0.001480308     50.42773
-0.001291265    0.8657124   -0.5005401      99.7266
-0.002456512    0.5005362    0.8657121     149.3479
           0            0            0            1
H_didalas:
  0.9849991  -0.1449393 -0.09364497    78.22103
 0.03859229   0.7139673  -0.6991146    116.7531
  0.1681887   0.6850133   0.7088507    242.0485
          0           0           0           1
myerror:
0.3093512
tsai_error:
1.797524
parkerror:
0.3096763
houard_error:
0.3101428
andreff_error:
0.3067463
didalas_error:
17.26311
