data_number:11
iter      cost      cost_change  |gradient|   |step|    tr_ratio  tr_radius  ls_iter  iter_time  total_time
   0  2.623481e+01    0.00e+00    8.44e-01   0.00e+00   0.00e+00  1.00e+04        0    9.40e-04    1.03e-03
   1  1.469587e-02    2.62e+01    1.06e+00   2.67e-01   9.99e-01  3.00e+04        1    1.12e-03    2.18e-03
   2  1.043132e-04    1.46e-02    9.18e-02   6.14e-03   9.95e-01  9.00e+04        1    1.04e-03    3.24e-03
   3  1.277752e-04   -2.35e-05    0.00e+00   3.62e-04  -8.05e-01  4.50e+04        1    2.95e-04    3.55e-03
   4  1.277740e-04   -2.35e-05    0.00e+00   3.62e-04  -8.05e-01  1.12e+04        1    2.93e-04    3.86e-03
   5  1.277671e-04   -2.35e-05    0.00e+00   3.62e-04  -8.05e-01  1.41e+03        1    2.94e-04    4.17e-03
   6  1.277029e-04   -2.34e-05    0.00e+00   3.62e-04  -8.03e-01  8.79e+01        1    2.93e-04    4.47e-03
   7  1.266330e-04   -2.23e-05    0.00e+00   3.56e-04  -7.66e-01  2.75e+00        1    2.99e-04    4.78e-03
   8  1.091759e-04   -4.86e-06    0.00e+00   2.36e-04  -1.85e-01  4.29e-02        1    2.97e-04    5.09e-03
   9  1.037265e-04    5.87e-07    9.18e-02   1.06e-05   2.84e-01  3.97e-02        1    1.10e-03    6.20e-03
  10  1.033035e-04    4.23e-07    9.18e-02   8.63e-06   2.35e-01  3.45e-02        1    1.19e-03    7.41e-03
  11  1.030092e-04    2.94e-07    9.18e-02   6.67e-06   1.96e-01  2.82e-02        1    1.20e-03    8.64e-03
  12  1.028102e-04    1.99e-07    9.18e-02   4.92e-06   1.66e-01  2.17e-02        1    1.11e-03    9.77e-03
  13  1.026780e-04    1.32e-07    9.18e-02   3.50e-06   1.45e-01  1.60e-02        1    1.03e-03    1.08e-02
  14  1.025909e-04    8.71e-08    9.18e-02   2.43e-06   1.31e-01  1.14e-02        1    1.12e-03    1.20e-02
  15  1.025336e-04    5.73e-08    9.18e-02   1.66e-06   1.21e-01  7.95e-03        1    1.20e-03    1.32e-02
  16  1.024959e-04    3.77e-08    9.18e-02   1.12e-06   1.14e-01  5.45e-03        1    1.11e-03    1.43e-02
  17  1.024711e-04    2.49e-08    9.18e-02   7.50e-07   1.10e-01  3.70e-03        1    1.03e-03    1.54e-02
  18  1.024546e-04    1.64e-08    9.18e-02   5.02e-07   1.07e-01  2.49e-03        1    1.05e-03    1.64e-02
  19  1.024438e-04    1.09e-08    9.18e-02   3.35e-07   1.05e-01  1.67e-03        1    1.04e-03    1.75e-02
  20  1.024366e-04    7.19e-09    9.18e-02   2.23e-07   1.04e-01  1.12e-03        1    1.02e-03    1.85e-02
  21  1.024318e-04    4.77e-09    9.18e-02   1.48e-07   1.03e-01  7.44e-04        1    1.01e-03    1.96e-02
  22  1.024286e-04    3.16e-09    9.18e-02   9.86e-08   1.03e-01  4.95e-04        1    1.02e-03    2.06e-02
  23  1.024265e-04    2.10e-09    9.18e-02   6.55e-08   1.02e-01  3.30e-04        1    1.05e-03    2.17e-02
  24  1.024252e-04    1.39e-09    9.18e-02   4.35e-08   1.02e-01  2.19e-04        1    1.10e-03    2.28e-02
  25  1.024242e-04    9.25e-10    9.18e-02   2.89e-08   1.02e-01  1.46e-04        1    1.20e-03    2.40e-02
  26  1.024236e-04    6.14e-10    9.18e-02   1.92e-08   1.02e-01  9.67e-05        1    1.17e-03    2.52e-02
  27  1.024232e-04    4.08e-10    9.18e-02   1.28e-08   1.02e-01  6.43e-05        1    1.07e-03    2.63e-02
H_my:
    0.9999999  0.0004053688  0.0002280305      50.43127
-0.0002370147     0.8659882    -0.5000644      99.66287
-0.0004001823     0.5000642     0.8659882      149.6578
            0             0             0             1
H_tsai:
  0.9998565 0.008050684 -0.01490195     50.6596
-0.01341803   0.9134051  -0.4068304    97.15043
 0.01033625    0.406972   0.9133821    146.8604
          0           0           0           1
H_park:
    0.9999999  0.0003261272  0.0002060648      50.43137
-0.0001793581     0.8659611    -0.5001113      99.66483
 -0.000341544     0.5001113     0.8659611      149.6599
            0             0             0             1
H_houard:
    0.9999999  0.0003392571  9.277766e-05      50.43476
-0.0002473974     0.8659873     -0.500066      99.66241
-0.0002499952     0.5000659     0.8659873      149.6584
            0             0             0             1
H_andreff:
    0.9999986  -0.000998646   0.001372369      50.35242
  0.001548963     0.8675201    -0.4973997      99.56059
-0.0006938312     0.4974011     0.8675204      149.5764
            0             0             0             1
H_didalas:
 0.9829475 -0.1465584 -0.1110627   66.46395
0.02070699  0.6883503 -0.7250828   108.4621
  0.182717  0.7104185   0.679647   225.3242
         0          0          0          1
myerror:
0.259421
tsai_error:
1.482547
parkerror:
0.2595447
houard_error:
0.2596057
andreff_error:
0.2527115
didalas_error:
13.59233
