data_number:11
iter      cost      cost_change  |gradient|   |step|    tr_ratio  tr_radius  ls_iter  iter_time  total_time
   0  2.623334e+01    0.00e+00    8.47e-01   0.00e+00   0.00e+00  1.00e+04        0    8.76e-04    9.32e-04
   1  1.469817e-02    2.62e+01    1.06e+00   2.67e-01   9.99e-01  3.00e+04        1    1.17e-03    2.14e-03
   2  1.035466e-04    1.46e-02    9.19e-02   6.15e-03   9.95e-01  9.00e+04        1    1.20e-03    3.38e-03
   3  1.271149e-04   -2.36e-05    0.00e+00   4.46e-04  -8.38e-01  4.50e+04        1    3.23e-04    3.76e-03
   4  1.271136e-04   -2.36e-05    0.00e+00   4.46e-04  -8.38e-01  1.12e+04        1    3.20e-04    4.10e-03
   5  1.271059e-04   -2.36e-05    0.00e+00   4.46e-04  -8.38e-01  1.41e+03        1    3.03e-04    4.42e-03
   6  1.270344e-04   -2.35e-05    0.00e+00   4.46e-04  -8.35e-01  8.79e+01        1    2.79e-04    4.72e-03
   7  1.258365e-04   -2.23e-05    0.00e+00   4.40e-04  -7.93e-01  2.75e+00        1    2.77e-04    5.01e-03
   8  1.044546e-04   -9.08e-07    0.00e+00   3.18e-04  -3.52e-02  4.29e-02        1    2.85e-04    5.31e-03
   9  1.014931e-04    2.05e-06    9.19e-02   1.80e-05   8.75e-01  7.43e-02        1    1.16e-03    6.48e-03
  10  9.886148e-05    2.63e-06    9.19e-02   2.73e-05   8.33e-01  1.06e-01        1    1.15e-03    7.66e-03
  11  9.656416e-05    2.30e-06    9.19e-02   3.10e-05   7.64e-01  1.24e-01        1    1.44e-03    9.16e-03
  12  9.519223e-05    1.37e-06    9.19e-02   2.65e-05   6.48e-01  1.27e-01        1    1.05e-03    1.02e-02
  13  9.455463e-05    6.38e-07    9.19e-02   1.84e-05   4.76e-01  1.27e-01        1    1.02e-03    1.13e-02
  14  9.427645e-05    2.78e-07    9.19e-02   1.22e-05   2.89e-01  1.18e-01        1    1.03e-03    1.23e-02
  15  9.416166e-05    1.15e-07    9.19e-02   7.48e-06   1.52e-01  8.84e-02        1    1.02e-03    1.33e-02
  16  9.411856e-05    4.31e-08    9.19e-02   3.92e-06   7.95e-02  5.54e-02        1    1.02e-03    1.44e-02
  17  9.410158e-05    1.70e-08    9.19e-02   1.93e-06   4.93e-02  3.20e-02        1    1.02e-03    1.54e-02
  18  9.409411e-05    7.47e-09    9.19e-02   9.72e-07   3.69e-02  1.78e-02        1    1.02e-03    1.64e-02
  19  9.409053e-05    3.58e-09    9.19e-02   5.02e-07   3.13e-02  9.77e-03        1    1.06e-03    1.75e-02
  20  9.408872e-05    1.81e-09    9.19e-02   2.65e-07   2.86e-02  5.32e-03        1    1.20e-03    1.87e-02
  21  9.408778e-05    9.41e-10    9.19e-02   1.41e-07   2.72e-02  2.88e-03        1    1.09e-03    1.98e-02
  22  9.408728e-05    4.98e-10    9.19e-02   7.54e-08   2.65e-02  1.56e-03        1    1.11e-03    2.10e-02
  23  9.408701e-05    2.66e-10    9.19e-02   4.05e-08   2.61e-02  8.41e-04        1    1.14e-03    2.21e-02
  24  9.408687e-05    1.43e-10    9.19e-02   2.18e-08   2.59e-02  4.54e-04        1    1.09e-03    2.32e-02
H_my:
            1  6.494839e-05  3.669943e-05      50.04702
-3.788796e-05     0.8659532     -0.500125      100.0001
-6.426231e-05      0.500125     0.8659532      149.7447
            0             0             0             1
H_tsai:
  0.9998579 0.007796208 -0.01494344    50.74329
-0.01320289    0.913391  -0.4068693    97.72083
 0.01047716   0.4070088   0.9133642    149.7877
          0           0           0           1
H_park:
            1  7.243762e-05   4.96541e-05      50.04674
-3.789375e-05     0.8659495    -0.5001314      100.0003
-7.922628e-05     0.5001314     0.8659495      149.7448
            0             0             0             1
H_houard:
            1  6.737089e-05  9.033898e-05      50.04609
-1.316101e-05     0.8659611    -0.5001114      99.99973
 -0.000111923     0.5001114     0.8659611      149.7451
            0             0             0             1
H_andreff:
    0.9999997 -0.0007384083  0.0001520794      50.18513
 0.0007162484     0.8675615    -0.4973293      99.92177
 0.0002352938     0.4973293     0.8675618        149.98
            0             0             0             1
H_didalas:
   0.996434  0.08234904  0.01838285    88.91525
 -0.0563435   0.8115773  -0.5815219    127.6099
-0.06280687   0.5784124    0.813323    232.7445
          0           0           0           1
myerror:
0.2204944
tsai_error:
1.651224
parkerror:
0.2205362
houard_error:
0.2204264
andreff_error:
0.2173055
didalas_error:
17.86768
