data_number:13
iter      cost      cost_change  |gradient|   |step|    tr_ratio  tr_radius  ls_iter  iter_time  total_time
   0  3.703057e+01    0.00e+00    1.83e+00   0.00e+00   0.00e+00  1.00e+04        0    1.40e-03    1.46e-03
   1  2.083230e-02    3.70e+01    1.83e+00   2.67e-01   9.99e-01  3.00e+04        1    1.53e-03    3.03e-03
   2  1.876931e-04    2.06e-02    1.83e+00   6.15e-03   9.94e-01  9.00e+04        1    1.40e-03    4.46e-03
   3  2.198799e-04   -3.22e-05    0.00e+00   3.69e-04  -1.40e+00  4.50e+04        1    3.93e-04    4.87e-03
   4  2.198783e-04   -3.22e-05    0.00e+00   3.69e-04  -1.40e+00  1.12e+04        1    3.48e-04    5.23e-03
   5  2.198687e-04   -3.22e-05    0.00e+00   3.69e-04  -1.40e+00  1.41e+03        1    3.73e-04    5.62e-03
   6  2.197786e-04   -3.21e-05    0.00e+00   3.68e-04  -1.39e+00  8.79e+01        1    3.47e-04    5.98e-03
   7  2.182778e-04   -3.06e-05    0.00e+00   3.63e-04  -1.33e+00  2.75e+00        1    3.47e-04    6.34e-03
   8  1.938630e-04   -6.17e-06    0.00e+00   2.43e-04  -3.01e-01  4.29e-02        1    3.45e-04    6.70e-03
   9  1.866722e-04    1.02e-06    1.83e+00   1.17e-05   6.80e-01  4.50e-02        1    1.38e-03    8.09e-03
  10  1.858543e-04    8.18e-07    1.83e+00   1.06e-05   6.20e-01  4.56e-02        1    1.41e-03    9.51e-03
  11  1.852217e-04    6.33e-07    1.83e+00   9.28e-06   5.54e-01  4.57e-02        1    1.37e-03    1.09e-02
  12  1.847358e-04    4.86e-07    1.83e+00   8.03e-06   4.88e-01  4.57e-02        1    1.37e-03    1.23e-02
  13  1.843603e-04    3.76e-07    1.83e+00   6.97e-06   4.24e-01  4.55e-02        1    1.42e-03    1.37e-02
  14  1.840688e-04    2.91e-07    1.83e+00   6.06e-06   3.63e-01  4.46e-02        1    1.74e-03    1.55e-02
  15  1.838443e-04    2.24e-07    1.83e+00   5.21e-06   3.09e-01  4.23e-02        1    1.50e-03    1.70e-02
  16  1.836750e-04    1.69e-07    1.83e+00   4.36e-06   2.61e-01  3.81e-02        1    1.45e-03    1.85e-02
  17  1.835510e-04    1.24e-07    1.83e+00   3.51e-06   2.22e-01  3.25e-02        1    1.87e-03    2.04e-02
  18  1.834626e-04    8.84e-08    1.83e+00   2.72e-06   1.91e-01  2.63e-02        1    1.58e-03    2.20e-02
  19  1.834009e-04    6.17e-08    1.83e+00   2.03e-06   1.68e-01  2.03e-02        1    1.45e-03    2.35e-02
  20  1.833585e-04    4.25e-08    1.83e+00   1.47e-06   1.51e-01  1.52e-02        1    1.43e-03    2.49e-02
  21  1.833294e-04    2.90e-08    1.83e+00   1.05e-06   1.39e-01  1.10e-02        1    1.38e-03    2.63e-02
  22  1.833097e-04    1.98e-08    1.83e+00   7.34e-07   1.31e-01  7.86e-03        1    1.38e-03    2.77e-02
  23  1.832962e-04    1.35e-08    1.83e+00   5.11e-07   1.25e-01  5.53e-03        1    1.40e-03    2.91e-02
  24  1.832871e-04    9.16e-09    1.83e+00   3.53e-07   1.21e-01  3.86e-03        1    1.41e-03    3.06e-02
  25  1.832808e-04    6.24e-09    1.83e+00   2.43e-07   1.19e-01  2.67e-03        1    1.74e-03    3.23e-02
  26  1.832766e-04    4.26e-09    1.83e+00   1.67e-07   1.17e-01  1.84e-03        1    1.92e-03    3.43e-02
  27  1.832737e-04    2.90e-09    1.83e+00   1.14e-07   1.16e-01  1.27e-03        1    1.53e-03    3.58e-02
  28  1.832717e-04    1.98e-09    1.83e+00   7.83e-08   1.15e-01  8.69e-04        1    1.50e-03    3.73e-02
  29  1.832703e-04    1.35e-09    1.83e+00   5.36e-08   1.14e-01  5.95e-04        1    1.37e-03    3.87e-02
  30  1.832694e-04    9.22e-10    1.83e+00   3.66e-08   1.14e-01  4.07e-04        1    1.41e-03    4.01e-02
  31  1.832688e-04    6.30e-10    1.83e+00   2.50e-08   1.13e-01  2.78e-04        1    1.43e-03    4.16e-02
  32  1.832683e-04    4.30e-10    1.83e+00   1.71e-08   1.13e-01  1.90e-04        1    1.39e-03    4.30e-02
  33  1.832681e-04    2.94e-10    1.83e+00   1.17e-08   1.13e-01  1.30e-04        1    1.37e-03    4.44e-02
H_my:
    0.9999999  0.0002356008  0.0002782701      49.99692
-6.501299e-05     0.8661811    -0.4997302      100.0331
-0.0003587691     0.4997301     0.8661811      150.2251
            0             0             0             1
H_tsai:
  0.9998853  0.00629144 -0.01377705    50.37485
-0.01155113   0.9051174  -0.4250048    98.17429
0.009795951   0.4251152   0.9050862    150.7257
          0           0           0           1
H_park:
    0.9999999  0.0001903478  0.0002899875      49.99705
-1.995122e-05     0.8661682    -0.4997525      100.0344
-0.0003463048     0.4997525     0.8661682      150.2252
            0             0             0             1
H_houard:
    0.9999999  0.0001632259   0.000313686      49.99709
 1.535742e-05     0.8662063    -0.4996866      100.0336
-0.0003532785     0.4996866     0.8662062      150.2254
            0             0             0             1
H_andreff:
   0.9999774  0.005095522   0.00439113     49.75641
-0.002210696    0.8655006   -0.5009031     100.0115
-0.006352888     0.500882    0.8654923     150.3183
           0            0            0            1
H_didalas:
 0.9480428 -0.2373315 -0.2118692   54.30872
 0.0674529  0.8007638   -0.59517     123.89
 0.3109098  0.5499555  0.7751671   228.5771
         0          0          0          1
myerror:
0.2472029
tsai_error:
0.8915031
parkerror:
0.2472974
houard_error:
0.2473505
andreff_error:
0.2421674
didalas_error:
12.41786
