data_number:14
iter      cost      cost_change  |gradient|   |step|    tr_ratio  tr_radius  ls_iter  iter_time  total_time
   0  4.297843e+01    0.00e+00    2.55e+185   0.00e+00   0.00e+00  1.00e+04        0    1.51e-03    1.57e-03
   1  2.434247e-02    4.30e+01    2.55e+185   2.67e-01   9.99e-01  3.00e+04        1    1.88e-03    3.53e-03
   2  2.113849e-04    2.41e-02    2.55e+185   6.15e-03   9.94e-01  9.00e+04        1    1.61e-03    5.21e-03
   3  2.669679e-04   -5.56e-05    0.00e+00   4.96e-04  -8.89e-01  4.50e+04        1    4.29e-04    5.65e-03
   4  2.669649e-04   -5.56e-05    0.00e+00   4.96e-04  -8.89e-01  1.12e+04        1    4.04e-04    6.06e-03
   5  2.669474e-04   -5.56e-05    0.00e+00   4.96e-04  -8.89e-01  1.41e+03        1    4.19e-04    6.49e-03
   6  2.667839e-04   -5.54e-05    0.00e+00   4.96e-04  -8.86e-01  8.79e+01        1    4.07e-04    6.91e-03
   7  2.640520e-04   -5.27e-05    0.00e+00   4.90e-04  -8.43e-01  2.75e+00        1    3.83e-04    7.31e-03
   8  2.172820e-04   -5.90e-06    0.00e+00   3.45e-04  -1.03e-01  4.29e-02        1    3.84e-04    7.70e-03
   9  2.080158e-04    3.37e-06    2.55e+185   1.87e-05   6.61e-01  4.44e-02        1    1.58e-03    9.29e-03
  10  2.052337e-04    2.78e-06    2.55e+185   1.75e-05   6.07e-01  4.48e-02        1    1.60e-03    1.09e-02
  11  2.030186e-04    2.22e-06    2.55e+185   1.59e-05   5.47e-01  4.49e-02        1    1.60e-03    1.25e-02
  12  2.012837e-04    1.73e-06    2.55e+185   1.42e-05   4.84e-01  4.49e-02        1    1.98e-03    1.45e-02
  13  1.999333e-04    1.35e-06    2.55e+185   1.27e-05   4.20e-01  4.47e-02        1    1.72e-03    1.63e-02
  14  1.988908e-04    1.04e-06    2.55e+185   1.12e-05   3.57e-01  4.37e-02        1    1.78e-03    1.81e-02
  15  1.981022e-04    7.89e-07    2.55e+185   9.73e-06   2.99e-01  4.10e-02        1    1.66e-03    1.98e-02
  16  1.975261e-04    5.76e-07    2.55e+185   8.13e-06   2.47e-01  3.63e-02        1    1.67e-03    2.15e-02
  17  1.971227e-04    4.03e-07    2.55e+185   6.45e-06   2.04e-01  3.00e-02        1    1.72e-03    2.33e-02
  18  1.968510e-04    2.72e-07    2.55e+185   4.84e-06   1.70e-01  2.33e-02        1    1.61e-03    2.49e-02
  19  1.966727e-04    1.78e-07    2.55e+185   3.47e-06   1.46e-01  1.72e-02        1    1.59e-03    2.65e-02
  20  1.965573e-04    1.15e-07    2.55e+185   2.40e-06   1.29e-01  1.22e-02        1    1.61e-03    2.81e-02
  21  1.964828e-04    7.45e-08    2.55e+185   1.62e-06   1.17e-01  8.42e-03        1    1.59e-03    2.97e-02
  22  1.964347e-04    4.81e-08    2.55e+185   1.08e-06   1.10e-01  5.71e-03        1    1.94e-03    3.17e-02
  23  1.964036e-04    3.11e-08    2.55e+185   7.19e-07   1.05e-01  3.82e-03        1    1.91e-03    3.36e-02
  24  1.963834e-04    2.02e-08    2.55e+185   4.74e-07   1.02e-01  2.54e-03        1    1.97e-03    3.56e-02
  25  1.963703e-04    1.31e-08    2.55e+185   3.11e-07   9.95e-02  1.68e-03        1    2.02e-03    3.77e-02
  26  1.963617e-04    8.56e-09    2.55e+185   2.04e-07   9.81e-02  1.10e-03        1    1.71e-03    3.94e-02
  27  1.963561e-04    5.58e-09    2.55e+185   1.34e-07   9.72e-02  7.24e-04        1    1.61e-03    4.11e-02
  28  1.963525e-04    3.64e-09    2.55e+185   8.76e-08   9.66e-02  4.75e-04        1    1.63e-03    4.27e-02
  29  1.963501e-04    2.38e-09    2.55e+185   5.73e-08   9.62e-02  3.11e-04        1    1.59e-03    4.43e-02
  30  1.963485e-04    1.55e-09    2.55e+185   3.75e-08   9.60e-02  2.04e-04        1    1.64e-03    4.60e-02
  31  1.963475e-04    1.02e-09    2.55e+185   2.45e-08   9.58e-02  1.33e-04        1    1.85e-03    4.78e-02
  32  1.963469e-04    6.64e-10    2.55e+185   1.60e-08   9.57e-02  8.72e-05        1    1.62e-03    4.95e-02
  33  1.963464e-04    4.34e-10    2.55e+185   1.05e-08   9.56e-02  5.70e-05        1    2.32e-03    5.18e-02
H_my:
            1  1.508936e-05   5.40296e-05      49.89924
 1.394604e-05     0.8660346    -0.4999841      100.3162
-5.433594e-05     0.4999841     0.8660346      150.2649
            0             0             0             1
H_tsai:
  0.9998881 0.007817569 -0.01275449    50.34167
-0.01248074   0.9059854  -0.4231249    98.10252
0.008247576   0.4232367   0.9059816    148.5491
          0           0           0           1
H_park:
            1   7.69716e-05   1.40963e-05        49.901
-5.961268e-05     0.8660399    -0.4999748      100.3162
-5.069182e-05     0.4999748       0.86604      150.2648
            0             0             0             1
H_houard:
            1  4.326211e-05  9.888704e-05      49.89803
 1.196379e-05      0.866089    -0.4998898      100.3138
-0.0001072713     0.4998898      0.866089      150.2626
            0             0             0             1
H_andreff:
    0.999997 -0.002132182  0.001185701     49.87858
 0.002439303    0.8651577   -0.5014939     100.4585
4.345766e-05    0.5014953    0.8651604     150.2133
           0            0            0            1
H_didalas:
   0.988723 -0.04549026  -0.1426797     72.3563
-0.06387729    0.733623  -0.6765478    114.3146
  0.1354494   0.6780324   0.7224441     234.309
          0           0           0           1
myerror:
0.2342745
tsai_error:
1.185761
parkerror:
0.2344066
houard_error:
0.2344267
andreff_error:
0.2322261
didalas_error:
11.70503
