data_number:15
iter      cost      cost_change  |gradient|   |step|    tr_ratio  tr_radius  ls_iter  iter_time  total_time
   0  4.765868e+01    0.00e+00    9.91e-01   0.00e+00   0.00e+00  1.00e+04        0    1.46e-03    1.54e-03
   1  2.701759e-02    4.76e+01    1.31e+00   2.67e-01   9.99e-01  3.00e+04        1    2.05e-03    3.62e-03
   2  2.555400e-04    2.68e-02    7.69e-02   6.16e-03   9.93e-01  9.00e+04        1    2.69e-03    6.34e-03
   3  3.014156e-04   -4.59e-05    0.00e+00   6.10e-04  -3.67e-01  4.50e+04        1    5.26e-04    6.91e-03
   4  3.014126e-04   -4.59e-05    0.00e+00   6.10e-04  -3.67e-01  1.12e+04        1    5.03e-04    7.45e-03
   5  3.013947e-04   -4.59e-05    0.00e+00   6.10e-04  -3.67e-01  1.41e+03        1    4.66e-04    7.93e-03
   6  3.012271e-04   -4.57e-05    0.00e+00   6.10e-04  -3.66e-01  8.79e+01        1    4.72e-04    8.41e-03
   7  2.984114e-04   -4.29e-05    0.00e+00   6.04e-04  -3.43e-01  2.75e+00        1    4.64e-04    8.92e-03
   8  2.443550e-04    1.12e-05    6.19e-02   4.54e-04   9.58e-02  1.80e+00        1    1.83e-03    1.08e-02
   9  2.210382e-04    2.33e-05    2.51e-02   2.91e-04   3.14e-01  1.71e+00        1    1.87e-03    1.26e-02
  10  2.192726e-04    1.77e-06    1.79e-02   1.39e-04   4.85e-02  9.84e-01        1    1.83e-03    1.45e-02
  11  2.167851e-04    2.49e-06    1.79e-02   8.22e-05   9.04e-02  6.35e-01        1    1.82e-03    1.63e-02
  12  2.166582e-04    1.27e-07    1.79e-02   3.60e-05   6.38e-03  3.24e-01        1    1.85e-03    1.82e-02
  13  2.164940e-04    1.64e-07    1.79e-02   1.09e-05   1.23e-02  1.68e-01        1    2.22e-03    2.04e-02
  14  2.164847e-04    9.30e-09    1.79e-02   1.51e-06   1.13e-03  8.42e-02        1    1.87e-03    2.23e-02
  15  2.164817e-04    3.00e-09    0.00e+00   6.57e-07   6.49e-04  4.21e-02        1    4.56e-04    2.28e-02
  16  2.164827e-04    2.01e-09    0.00e+00   4.23e-07   8.17e-04  1.05e-02        1    4.55e-04    2.33e-02
  17  2.164840e-04    6.29e-10    0.00e+00   1.26e-07   9.73e-04  1.32e-03        1    5.22e-04    2.38e-02
H_my:
            1 -0.0001020465  4.481416e-05      49.89945
 0.0001107792     0.8659136    -0.5001936      99.90512
  1.22378e-05     0.5001936     0.8659136      149.7378
            0             0             0             1
H_tsai:
  0.9999012 0.007729577 -0.01173899    50.33443
-0.01204625    0.901594  -0.4324154    97.95435
0.007241416   0.4325141   0.9015981    148.1188
          0           0           0           1
H_park:
            1 -0.0001078553  4.271731e-05       49.8995
 0.0001147604     0.8659172    -0.5001874      99.90499
  1.69582e-05     0.5001874     0.8659172      149.7376
            0             0             0             1
H_houard:
            1 -0.0001523511  7.056677e-05      49.89857
 0.0001672208     0.8659414    -0.5001454      99.90385
 1.509103e-05     0.5001454     0.8659415      149.7367
            0             0             0             1
H_andreff:
    0.9999929    0.00347193  -0.001492375       50.0031
 -0.003752949      0.865998    -0.5000335       99.9534
-0.0004436875     0.5000355     0.8660048      149.8067
            0             0             0             1
H_didalas:
  0.9962566 -0.03472927 -0.07916176     72.6207
-0.02315025   0.7751123  -0.6313993    121.6914
 0.08328728   0.6308683   0.7714067    217.7043
          0           0           0           1
myerror:
0.1958629
tsai_error:
0.9423613
parkerror:
0.1958775
houard_error:
0.1960491
andreff_error:
0.1895517
didalas_error:
9.021421
