data_number:20
iter      cost      cost_change  |gradient|   |step|    tr_ratio  tr_radius  ls_iter  iter_time  total_time
   0  8.681713e+01    0.00e+00    8.79e-01   0.00e+00   0.00e+00  1.00e+04        0    2.62e-03    2.69e-03
   1  4.890049e-02    8.68e+01    1.81e+00   2.67e-01   9.99e-01  3.00e+04        1    4.09e-03    6.81e-03
   2  4.632550e-04    4.84e-02    3.96e-02   6.16e-03   9.94e-01  9.00e+04        1    3.28e-03    1.01e-02
   3  4.688519e-04   -5.60e-06    0.00e+00   1.68e-04  -7.32e-02  4.50e+04        1    8.96e-04    1.10e-02
   4  4.688515e-04   -5.60e-06    0.00e+00   1.68e-04  -7.32e-02  1.12e+04        1    8.04e-04    1.19e-02
   5  4.688490e-04   -5.59e-06    0.00e+00   1.68e-04  -7.32e-02  1.41e+03        1    7.58e-04    1.26e-02
   6  4.688256e-04   -5.57e-06    0.00e+00   1.68e-04  -7.29e-02  8.79e+01        1    7.62e-04    1.34e-02
   7  4.684314e-04   -5.18e-06    0.00e+00   1.67e-04  -6.77e-02  2.75e+00        1    7.60e-04    1.42e-02
   8  4.604482e-04    2.81e-06    2.96e-02   1.29e-04   3.93e-02  1.54e+00        1    3.28e-03    1.75e-02
   9  4.586717e-04    1.78e-06    2.31e-02   1.01e-04   2.88e-02  8.39e-01        1    3.47e-03    2.10e-02
  10  4.559718e-04    2.70e-06    4.01e-03   5.17e-05   5.72e-02  4.95e-01        1    3.28e-03    2.43e-02
  11  4.559170e-04    5.48e-08    1.85e-03   1.01e-05   1.64e-03  2.49e-01        1    3.21e-03    2.75e-02
  12  4.559126e-04    4.37e-09    0.00e+00   6.04e-07   2.02e-04  1.24e-01        1    7.47e-04    2.83e-02
  13  4.559122e-04    4.77e-09    0.00e+00   6.34e-07   3.78e-04  3.11e-02        1    7.65e-04    2.90e-02
  14  4.559150e-04    2.00e-09    0.00e+00   2.48e-07   5.57e-04  3.89e-03        1    7.90e-04    2.98e-02
H_my:
            1  0.0002170797  0.0001027911      49.73367
-0.0001366148     0.8660604    -0.4999394       99.9317
  -0.00019755     0.4999394     0.8660604      149.6195
            0             0             0             1
H_tsai:
  0.9997541  0.01583447 -0.01552281    49.89506
-0.02072168   0.9163498   -0.399842    97.07892
0.007893042   0.4000653   0.9164526    149.4219
          0           0           0           1
H_park:
            1  0.0002194707  0.0001031751      49.73363
-0.0001384924     0.8660575    -0.4999444      99.93184
-0.0001990787     0.4999444     0.8660575      149.6196
            0             0             0             1
H_houard:
            1  0.0001642481  0.0001691818      49.73291
-5.768276e-05     0.8660924    -0.4998839      99.93026
-0.0002286321     0.4998839     0.8660924      149.6192
            0             0             0             1
H_andreff:
    0.9999934  -0.001755363  -0.003174456       49.8525
-6.855349e-05     0.8658166    -0.5003614      99.99265
  0.003626813     0.5003584     0.8658108       149.615
            0             0             0             1
H_didalas:
   0.9751436   -0.1418394   -0.1702249      67.5983
-0.006862098    0.7485529   -0.6630395     119.4868
   0.2214674    0.6477269    0.7289733      225.486
           0            0            0            1
myerror:
0.1652611
tsai_error:
0.9118327
parkerror:
0.1652635
houard_error:
0.1652702
andreff_error:
0.1626937
didalas_error:
8.001096
