data_number:23
iter      cost      cost_change  |gradient|   |step|    tr_ratio  tr_radius  ls_iter  iter_time  total_time
   0  1.203939e+02    0.00e+00    9.99e-01   0.00e+00   0.00e+00  1.00e+04        0    3.45e-03    3.54e-03
   1  6.205754e-01    1.20e+02    3.30e-01   2.75e-01   9.95e-01  3.00e+04        1    4.63e-03    8.20e-03
   2  5.432039e-01    7.74e-02    3.56e-01   6.19e-03   1.25e-01  2.11e+04        1    4.25e-03    1.25e-02
   3  5.492337e-01   -6.03e-03    0.00e+00   1.90e-03  -1.11e-02  1.05e+04        1    9.99e-04    1.35e-02
   4  5.487150e-01   -5.51e-03    0.00e+00   1.82e-03  -1.01e-02  2.64e+03        1    1.04e-03    1.45e-02
   5  5.467021e-01   -3.50e-03    0.00e+00   1.46e-03  -6.44e-03  3.29e+02        1    1.06e-03    1.56e-02
   6  5.437225e-01   -5.19e-04    0.00e+00   5.94e-04  -9.55e-04  2.06e+01        1    1.10e-03    1.67e-02
   7  5.432309e-01   -2.71e-05    0.00e+00   1.64e-04  -4.98e-05  6.43e-01        1    9.79e-04    1.77e-02
   8  5.430687e-01    1.35e-04    0.00e+00   1.16e-04   2.82e-04  1.01e-02        1    1.02e-03    1.88e-02
   9  5.431916e-01    1.23e-05    0.00e+00   8.62e-06   3.92e-04  7.85e-05        1    9.79e-04    1.98e-02
H_my:
    0.9999999  0.0002938291  0.0001325423      50.35645
 -0.000188177     0.8659961    -0.5000507      99.83172
-0.0002617106     0.5000507     0.8659961      150.1516
            0             0             0             1
H_tsai:
   0.999816  0.01455926 -0.01249032    50.75933
-0.01837962   0.9135002  -0.4064228    96.67785
0.005492696   0.4065776   0.9135997    149.8927
          0           0           0           1
H_park:
            1  3.083414e-05  7.775572e-05      50.36099
 1.218955e-05     0.8659357    -0.5001554      99.83277
-8.275331e-05     0.5001554     0.8659357      150.1499
            0             0             0             1
H_houard:
            1  5.233848e-05  4.882727e-05      50.36159
-2.089933e-05     0.8659269    -0.5001706      99.83376
-6.845901e-05     0.5001706     0.8659269      150.1498
            0             0             0             1
H_andreff:
    0.9999986   0.001650207 -0.0001469195      50.33352
 -0.001501859     0.8655072    -0.5008942      99.84808
-0.0006994192     0.5008937     0.8655085      150.1927
            0             0             0             1
H_didalas:
  0.9915915 -0.01494319  -0.1285414    86.42355
-0.08351703   0.6848517  -0.7238805    135.9929
 0.09884891   0.7285292   0.6778452    258.6575
          0           0           0           1
myerror:
0.1384511
tsai_error:
0.772049
parkerror:
0.1385615
houard_error:
0.1385423
andreff_error:
0.1380462
didalas_error:
10.40441
