data_number:25
iter      cost      cost_change  |gradient|   |step|    tr_ratio  tr_radius  ls_iter  iter_time  total_time
   0  1.440525e+02    0.00e+00    2.17e+01   0.00e+00   0.00e+00  1.00e+04        0    4.09e-03    4.17e-03
   1  8.147221e-02    1.44e+02    2.17e+01   2.67e-01   9.99e-01  3.00e+04        1    5.39e-03    9.59e-03
   2  5.643556e-04    8.09e-02    2.17e+01   6.16e-03   9.95e-01  9.00e+04        1    5.09e-03    1.47e-02
   3  5.751876e-04   -1.08e-05    0.00e+00   1.35e-04  -3.48e-01  4.50e+04        1    1.19e-03    1.59e-02
   4  5.751870e-04   -1.08e-05    0.00e+00   1.35e-04  -3.48e-01  1.12e+04        1    1.13e-03    1.71e-02
   5  5.751836e-04   -1.08e-05    0.00e+00   1.35e-04  -3.48e-01  1.41e+03        1    1.13e-03    1.82e-02
   6  5.751512e-04   -1.08e-05    0.00e+00   1.34e-04  -3.47e-01  8.79e+01        1    1.13e-03    1.94e-02
   7  5.746080e-04   -1.03e-05    0.00e+00   1.33e-04  -3.29e-01  2.75e+00        1    1.33e-03    2.07e-02
   8  5.643694e-04   -1.38e-08    0.00e+00   9.87e-05  -4.80e-04  4.29e-02        1    1.13e-03    2.18e-02
   9  5.632011e-04    1.15e-06    2.17e+01   5.67e-06   4.59e-01  4.29e-02        1    5.71e-03    2.76e-02
  10  5.622928e-04    9.08e-07    2.17e+01   5.03e-06   4.03e-01  4.26e-02        1    5.19e-03    3.28e-02
  11  5.615826e-04    7.10e-07    2.17e+01   4.43e-06   3.49e-01  4.14e-02        1    5.42e-03    3.82e-02
  12  5.610364e-04    5.46e-07    2.17e+01   3.84e-06   2.99e-01  3.89e-02        1    5.18e-03    4.34e-02
  13  5.606272e-04    4.09e-07    2.17e+01   3.22e-06   2.55e-01  3.48e-02        1    5.09e-03    4.85e-02
  14  5.603302e-04    2.97e-07    2.17e+01   2.59e-06   2.17e-01  2.95e-02        1    5.09e-03    5.36e-02
  15  5.601205e-04    2.10e-07    2.17e+01   2.00e-06   1.87e-01  2.37e-02        1    4.89e-03    5.85e-02
  16  5.599757e-04    1.45e-07    2.17e+01   1.49e-06   1.65e-01  1.82e-02        1    4.88e-03    6.34e-02
  17  5.598770e-04    9.88e-08    2.17e+01   1.08e-06   1.48e-01  1.35e-02        1    4.91e-03    6.84e-02
  18  5.598100e-04    6.70e-08    2.17e+01   7.63e-07   1.37e-01  9.75e-03        1    4.91e-03    7.33e-02
  19  5.597647e-04    4.53e-08    2.17e+01   5.33e-07   1.29e-01  6.91e-03        1    4.90e-03    7.82e-02
  20  5.597341e-04    3.06e-08    2.17e+01   3.69e-07   1.23e-01  4.84e-03        1    4.95e-03    8.32e-02
  21  5.597133e-04    2.07e-08    2.17e+01   2.54e-07   1.19e-01  3.36e-03        1    5.15e-03    8.83e-02
  22  5.596993e-04    1.41e-08    2.17e+01   1.74e-07   1.17e-01  2.31e-03        1    4.95e-03    9.33e-02
  23  5.596898e-04    9.53e-09    2.17e+01   1.19e-07   1.15e-01  1.59e-03        1    4.87e-03    9.82e-02
  24  5.596833e-04    6.47e-09    2.17e+01   8.12e-08   1.14e-01  1.09e-03        1    4.93e-03    1.03e-01
  25  5.596789e-04    4.39e-09    2.17e+01   5.53e-08   1.13e-01  7.41e-04        1    4.86e-03    1.08e-01
  26  5.596759e-04    2.98e-09    2.17e+01   3.77e-08   1.12e-01  5.06e-04        1    4.88e-03    1.13e-01
  27  5.596739e-04    2.03e-09    2.17e+01   2.56e-08   1.12e-01  3.44e-04        1    4.94e-03    1.18e-01
  28  5.596725e-04    1.38e-09    2.17e+01   1.75e-08   1.12e-01  2.34e-04        1    4.87e-03    1.23e-01
  29  5.596716e-04    9.37e-10    2.17e+01   1.19e-08   1.11e-01  1.60e-04        1    4.85e-03    1.28e-01
H_my:
            1  4.033603e-05  5.835262e-05      49.91102
-5.741925e-06     0.8659279    -0.5001689      99.99405
-7.070399e-05     0.5001689     0.8659279      150.0677
            0             0             0             1
H_tsai:
   0.9998545   0.01477046 -0.008538081     49.97451
 -0.01696947    0.9126793   -0.4083242     96.51401
 0.001761392    0.4084096    0.9127971     150.3526
           0            0            0            1
H_park:
            1  6.847154e-05  7.845413e-05      49.91004
-2.004985e-05     0.8659218    -0.5001795       99.9946
-0.0001021832     0.5001795     0.8659218       150.068
            0             0             0             1
H_houard:
            1  4.818471e-05  8.990577e-05      49.91003
 3.242806e-06     0.8659317    -0.5001623       99.9937
-0.0001019524     0.5001623     0.8659317       150.068
            0             0             0             1
H_andreff:
    0.9999955 -0.0003798803  -0.002971153      50.01626
 -0.001155474     0.8662275    -0.4996485      99.84718
  0.002763501     0.4996497     0.8662232      150.1061
            0             0             0             1
H_didalas:
  0.9968567  0.04933674 -0.06198875    83.07278
-0.07864688   0.7106537  -0.6991323    134.9584
0.009559631   0.7018099   0.7123001    246.7058
          0           0           0           1
myerror:
0.1180057
tsai_error:
0.6528493
parkerror:
0.1180394
houard_error:
0.1180409
andreff_error:
0.1165465
didalas_error:
8.703959
