data_number:26
iter      cost      cost_change  |gradient|   |step|    tr_ratio  tr_radius  ls_iter  iter_time  total_time
   0  1.554872e+02    0.00e+00    7.33e+01   0.00e+00   0.00e+00  1.00e+04        0    4.30e-03    4.39e-03
   1  8.778474e-02    1.55e+02    7.33e+01   2.67e-01   9.99e-01  3.00e+04        1    5.95e-03    1.04e-02
   2  7.136150e-04    8.71e-02    7.33e+01   6.16e-03   9.94e-01  9.00e+04        1    5.43e-03    1.58e-02
   3  7.325677e-04   -1.90e-05    0.00e+00   2.11e-04  -4.25e-01  4.50e+04        1    1.23e-03    1.71e-02
   4  7.325664e-04   -1.90e-05    0.00e+00   2.11e-04  -4.25e-01  1.12e+04        1    1.59e-03    1.87e-02
   5  7.325587e-04   -1.89e-05    0.00e+00   2.11e-04  -4.25e-01  1.41e+03        1    1.25e-03    2.00e-02
   6  7.324862e-04   -1.89e-05    0.00e+00   2.11e-04  -4.23e-01  8.79e+01        1    1.20e-03    2.12e-02
   7  7.312679e-04   -1.77e-05    0.00e+00   2.09e-04  -3.96e-01  2.75e+00        1    1.52e-03    2.27e-02
   8  7.077187e-04    5.90e-06    7.33e+01   1.59e-04   1.41e-01  2.00e+00        1    5.54e-03    2.83e-02
   9  7.019804e-04    5.74e-06    7.33e+01   1.25e-04   1.87e-01  1.61e+00        1    5.47e-03    3.38e-02
  10  6.978478e-04    4.13e-06    7.33e+01   8.56e-05   2.59e-01  1.45e+00        1    5.53e-03    3.93e-02
  11  6.961994e-04    1.65e-06    7.33e+01   5.31e-05   2.19e-01  1.23e+00        1    5.36e-03    4.47e-02
  12  6.954512e-04    7.48e-07    7.33e+01   2.97e-05   2.23e-01  1.05e+00        1    5.54e-03    5.02e-02
  13  6.952778e-04    1.73e-07    7.33e+01   1.44e-05   9.38e-02  6.82e-01        1    5.43e-03    5.57e-02
  14  6.952259e-04    5.19e-08    7.33e+01   5.27e-06   4.25e-02  3.86e-01        1    5.42e-03    6.11e-02
  15  6.952243e-04    1.65e-09    7.33e+01   7.44e-07   1.94e-03  1.94e-01        1    5.30e-03    6.64e-02
H_my:
            1 -0.0002207264 -3.624342e-05      50.07748
  0.000173022     0.8659865    -0.5000673      100.0395
 0.0001417644     0.5000672     0.8659866      150.1008
            0             0             0             1
H_tsai:
    0.999874     0.013711 -0.007993922     50.05882
 -0.01577429    0.9140807   -0.4052254     97.89502
 0.001751042    0.4053005    0.9141818     149.3525
           0            0            0            1
H_park:
            1 -0.0002204165 -3.703121e-05       50.0775
 0.0001723597     0.8659866    -0.5000672      100.0395
 0.0001422916     0.5000672     0.8659866      150.1008
            0             0             0             1
H_houard:
            1  -0.000210768 -4.659372e-05      50.07762
 0.0001592277     0.8660055    -0.5000345      100.0387
 0.0001457417     0.5000345     0.8660055      150.1005
            0             0             0             1
H_andreff:
    0.9999997  0.0002581152  0.0006907542      50.06705
 0.0001236059     0.8648104    -0.5020985      100.1579
-0.0007269707     0.5020984     0.8648102      150.0051
            0             0             0             1
H_didalas:
  0.9977321 -0.01725413 -0.06506126    70.01132
-0.02872818   0.7649713  -0.6434234    121.0647
  0.0608717   0.6438333   0.7627407    219.6306
          0           0           0           1
myerror:
0.1036933
tsai_error:
0.7604896
parkerror:
0.1036934
houard_error:
0.1037356
andreff_error:
0.102676
didalas_error:
5.83129
