data_number:10
iter      cost      cost_change  |gradient|   |step|    tr_ratio  tr_radius  ls_iter  iter_time  total_time
   0  1.997198e+01    0.00e+00    1.22e+02   0.00e+00   0.00e+00  1.00e+04        0    7.95e-04    8.58e-04
   1  1.567632e-02    2.00e+01    1.22e+02   2.67e-01   9.99e-01  3.00e+04        1    9.92e-04    1.89e-03
   2  4.582051e-03    1.11e-02    1.22e+02   7.66e-03   7.49e-01  3.42e+04        1    1.04e-03    2.96e-03
   3  7.602382e-03   -3.02e-03    0.00e+00   5.45e-03  -1.12e+00  1.71e+04        1    2.85e-04    3.26e-03
   4  7.601805e-03   -3.02e-03    0.00e+00   5.45e-03  -1.12e+00  4.28e+03        1    2.75e-04    3.55e-03
   5  7.598347e-03   -3.02e-03    0.00e+00   5.44e-03  -1.12e+00  5.35e+02        1    2.77e-04    3.84e-03
   6  7.566289e-03   -2.98e-03    0.00e+00   5.43e-03  -1.11e+00  3.34e+01        1    2.76e-04    4.13e-03
   7  7.071831e-03   -2.49e-03    0.00e+00   5.19e-03  -9.29e-01  1.04e+00        1    2.99e-04    4.44e-03
   8  3.778882e-03    8.03e-04    1.22e+02   2.49e-03   3.95e-01  1.03e+00        1    9.34e-04    5.38e-03
   9  3.631594e-03    1.47e-04    1.22e+02   1.04e-03   3.69e-01  1.02e+00        1    8.56e-04    6.25e-03
  10  3.615281e-03    1.63e-05    1.22e+02   4.72e-04   1.90e-01  8.21e-01        1    8.78e-04    7.15e-03
  11  3.606181e-03    9.10e-06    1.22e+02   2.36e-04   1.83e-01  6.54e-01        1    8.46e-04    8.01e-03
  12  3.605534e-03    6.47e-07    1.22e+02   7.35e-05   2.71e-02  3.54e-01        1    8.39e-04    8.86e-03
  13  3.605416e-03    1.18e-07    1.22e+02   1.25e-05   7.02e-03  1.81e-01        1    8.56e-04    9.72e-03
  14  3.605398e-03    1.84e-08    1.22e+02   3.13e-06   1.81e-03  9.09e-02        1    9.66e-04    1.07e-02
  15  3.605391e-03    7.23e-09    1.22e+02   1.51e-06   1.27e-03  4.56e-02        1    1.17e-03    1.19e-02
H_my:
    0.9999993  -0.001155248 -0.0003566364      51.18138
 0.0008224799     0.8662076    -0.4996836      98.63412
 0.0008861796     0.4996829     0.8662079      151.9278
            0             0             0             1
H_tsai:
   0.9999409  0.006260453 -0.008887531     51.68647
-0.009386106    0.9096493    -0.415271     96.23111
 0.005484752    0.4153299    0.9096543      151.682
           0            0            0            1
H_park:
    0.9999993  -0.001142523 -0.0003505252       51.1812
 0.0008145211     0.8662133    -0.4996738      98.63377
 0.0008745185     0.4996731     0.8662136      151.9277
            0             0             0             1
H_houard:
    0.9999997 -0.0006985424 -0.0003483886      51.17581
 0.0004307738     0.8660349    -0.4999833      98.63667
 0.0006509762      0.499983      0.866035      151.9261
            0             0             0             1
H_andreff:
   0.9999421   0.00618349  0.008805563     50.80502
-0.001072938     0.871599   -0.4902183     98.10852
 -0.01070618    0.4901805    0.8715552     152.3504
           0            0            0            1
H_didalas:
  0.970962 -0.1752555 -0.1628447   84.15706
0.02969737  0.7637243 -0.6448591   116.2415
 0.2373836  0.6212976  0.7467519    271.012
         0          0          0          1
myerror:
1.684673
tsai_error:
2.221739
parkerror:
1.684625
houard_error:
1.684616
andreff_error:
1.668149
didalas_error:
24.03176
