data_number:10
iter      cost      cost_change  |gradient|   |step|    tr_ratio  tr_radius  ls_iter  iter_time  total_time
   0  3.835250e+01    0.00e+00    1.09e+02   0.00e+00   0.00e+00  1.00e+04        0    8.05e-04    8.72e-04
   1  1.972304e+01    1.86e+01    1.09e+02   2.68e-01   4.87e-01  1.00e+04        1    9.45e-04    1.86e-03
   2  2.012712e+01   -4.04e-01    0.00e+00   3.99e-02  -2.58e-01  5.00e+03        1    2.48e-04    2.14e-03
   3  2.012683e+01   -4.04e-01    0.00e+00   3.98e-02  -2.58e-01  1.25e+03        1    2.60e-04    2.41e-03
   4  2.012510e+01   -4.02e-01    0.00e+00   3.98e-02  -2.57e-01  1.56e+02        1    2.61e-04    2.68e-03
   5  2.010922e+01   -3.86e-01    0.00e+00   3.91e-02  -2.47e-01  9.77e+00        1    2.58e-04    2.95e-03
   6  1.991695e+01   -1.94e-01    0.00e+00   2.96e-02  -1.30e-01  3.05e-01        1    3.03e-04    3.27e-03
   7  1.970627e+01    1.68e-02    1.09e+02   3.86e-03   3.18e-02  1.68e-01        1    9.43e-04    4.22e-03
   8  1.970105e+01    5.22e-03    1.09e+02   1.68e-03   1.66e-02  8.80e-02        1    9.04e-04    5.14e-03
   9  1.969899e+01    2.06e-03    1.09e+02   8.67e-04   1.15e-02  4.55e-02        1    9.17e-04    6.07e-03
  10  1.969811e+01    8.82e-04    1.09e+02   4.42e-04   8.91e-03  2.34e-02        1    8.87e-04    6.99e-03
  11  1.969772e+01    3.87e-04    1.09e+02   2.12e-04   7.31e-03  1.20e-02        1    9.14e-04    7.92e-03
  12  1.969754e+01    1.80e-04    1.09e+02   1.03e-04   6.53e-03  6.09e-03        1    9.36e-04    8.87e-03
  13  1.969745e+01    8.73e-05    1.09e+02   5.08e-05   6.14e-03  3.10e-03        1    8.83e-04    9.76e-03
  14  1.969741e+01    4.33e-05    1.09e+02   2.54e-05   5.96e-03  1.58e-03        1    8.51e-04    1.06e-02
  15  1.969739e+01    2.18e-05    1.09e+02   1.28e-05   5.86e-03  8.04e-04        1    8.51e-04    1.15e-02
H_my:
    0.9999722   0.004509917   0.005944951      47.44553
-0.0009213726     0.8652217    -0.5013887      102.4392
 -0.007404922     0.5013693     0.8652017      146.9836
            0             0             0             1
H_tsai:
   0.9999436  0.006919347 -0.008061521     47.21917
-0.009636246      0.91022   -0.4140129     97.05835
 0.004473059    0.4140672    0.9102353     147.0182
           0            0            0            1
H_park:
   0.9999992  0.001273158 4.156168e-05     47.78192
-0.001082123    0.8662605   -0.4995914     102.2789
-0.000672062     0.499591    0.8662612     146.9288
           0            0            0            1
H_houard:
    0.9999999    0.00011788  0.0003283002      47.79766
 6.145652e-05     0.8669074    -0.4984692      102.2052
-0.0003433654     0.4984692     0.8669073      146.9311
            0             0             0             1
H_andreff:
   0.9999136   0.01313938 0.0004986107      47.4383
 -0.01108981    0.8631006   -0.5049102     102.2043
 -0.00706456    0.5048611    0.8631717     149.5188
           0            0            0            1
H_didalas:
 0.9567962 -0.2538645 -0.1417526   86.48784
0.09764693  0.7397622 -0.6657454   126.1192
 0.2738723   0.623141  0.7325908   268.7723
         0          0          0          1
myerror:
1.681969
tsai_error:
2.186601
parkerror:
1.675629
houard_error:
1.677557
andreff_error:
1.75618
didalas_error:
24.79547
