data_number:10
iter      cost      cost_change  |gradient|   |step|    tr_ratio  tr_radius  ls_iter  iter_time  total_time
   0  3.822445e+01    0.00e+00    3.78e+01   0.00e+00   0.00e+00  1.00e+04        0    7.80e-04    8.64e-04
   1  1.972511e+01    1.85e+01    3.78e+01   2.60e-01   4.87e-01  1.00e+04        1    8.85e-04    1.79e-03
   2  2.287005e+01   -3.14e+00    0.00e+00   1.06e-01  -8.35e-01  5.00e+03        1    2.92e-04    2.09e-03
   3  2.286781e+01   -3.14e+00    0.00e+00   1.06e-01  -8.35e-01  1.25e+03        1    2.78e-04    2.38e-03
   4  2.285437e+01   -3.13e+00    0.00e+00   1.06e-01  -8.31e-01  1.56e+02        1    2.35e-04    2.63e-03
   5  2.273292e+01   -3.01e+00    0.00e+00   1.04e-01  -7.99e-01  9.77e+00        1    2.36e-04    2.88e-03
   6  2.139022e+01   -1.67e+00    0.00e+00   7.82e-02  -4.70e-01  3.05e-01        1    2.36e-04    3.13e-03
   7  1.970957e+01    1.55e-02    3.78e+01   5.32e-03   1.69e-02  1.60e-01        1    8.78e-04    4.02e-03
   8  1.969839e+01    1.12e-02    3.78e+01   2.32e-03   2.37e-02  8.61e-02        1    9.49e-04    4.98e-03
   9  1.969407e+01    4.32e-03    3.78e+01   1.10e-03   1.39e-02  4.49e-02        1    8.63e-04    5.87e-03
  10  1.969219e+01    1.88e-03    3.78e+01   5.27e-04   1.08e-02  2.32e-02        1    8.83e-04    6.77e-03
  11  1.969131e+01    8.77e-04    3.78e+01   2.60e-04   9.46e-03  1.19e-02        1    8.94e-04    7.68e-03
  12  1.969089e+01    4.28e-04    3.78e+01   1.31e-04   8.82e-03  6.12e-03        1    8.45e-04    8.54e-03
  13  1.969067e+01    2.14e-04    3.78e+01   6.66e-05   8.50e-03  3.14e-03        1    8.49e-04    9.40e-03
  14  1.969056e+01    1.08e-04    3.78e+01   3.40e-05   8.34e-03  1.61e-03        1    8.48e-04    1.03e-02
  15  1.969051e+01    5.49e-05    3.78e+01   1.74e-05   8.25e-03  8.24e-04        1    8.49e-04    1.11e-02
  16  1.969048e+01    2.80e-05    3.78e+01   8.92e-06   8.21e-03  4.22e-04        1    8.97e-04    1.20e-02
H_my:
    0.999921   0.00948464 -0.008251148     52.03826
 -0.01234213    0.8654202   -0.5008948     99.48229
 0.002389903     0.500957    0.8654688     150.9294
           0            0            0            1
H_tsai:
   0.9999415  0.006917509  -0.00831186      51.5755
-0.009743272    0.9097743   -0.4149889      96.8879
 0.004691227    0.4150456    0.9097885     148.6167
           0            0            0            1
H_park:
    0.9999997 -0.0002712241 -0.0007683083      51.80564
-0.0001481938     0.8666946    -0.4988391      99.56364
 0.0008011858     0.4988391     0.8666943      150.9347
            0             0             0             1
H_houard:
            1 -8.207023e-05  0.0002333007      51.77665
 0.0001876766     0.8661763    -0.4997386      99.59416
-0.0001610658     0.4997386     0.8661763      150.9507
            0             0             0             1
H_andreff:
  0.9998358  0.01289474 -0.01273053    51.88321
-0.01751895   0.8673733  -0.4973497    99.07499
0.004628929   0.4974911   0.8674568    151.0214
          0           0           0           1
H_didalas:
 0.9809349 -0.1599856 -0.1103237   73.78704
0.02346961  0.6610644  -0.749962   98.77344
 0.1929142  0.7330746   0.652216   236.5986
         0          0          0          1
myerror:
1.778436
tsai_error:
2.308509
parkerror:
1.808268
houard_error:
1.809216
andreff_error:
1.774885
didalas_error:
15.66796
