data_number:10
iter      cost      cost_change  |gradient|   |step|    tr_ratio  tr_radius  ls_iter  iter_time  total_time
   0  1.997578e+01    0.00e+00    1.68e+02   0.00e+00   0.00e+00  1.00e+04        0    7.92e-04    8.48e-04
   1  1.529114e-02    2.00e+01    1.68e+02   2.67e-01   9.99e-01  3.00e+04        1    1.02e-03    1.91e-03
   2  4.337093e-03    1.10e-02    1.68e+02   7.61e-03   7.52e-01  3.44e+04        1    9.01e-04    2.83e-03
   3  5.006317e-03   -6.69e-04    0.00e+00   4.42e-03  -2.46e-01  1.72e+04        1    2.31e-04    3.08e-03
   4  5.006163e-03   -6.69e-04    0.00e+00   4.42e-03  -2.46e-01  4.30e+03        1    2.80e-04    3.37e-03
   5  5.005244e-03   -6.68e-04    0.00e+00   4.42e-03  -2.45e-01  5.38e+02        1    2.29e-04    3.61e-03
   6  4.996691e-03   -6.60e-04    0.00e+00   4.41e-03  -2.42e-01  3.36e+01        1    2.26e-04    3.85e-03
   7  4.857703e-03   -5.21e-04    0.00e+00   4.30e-03  -1.91e-01  1.05e+00        1    2.27e-04    4.09e-03
   8  3.462673e-03    8.74e-04    1.68e+02   2.35e-03   4.02e-01  1.04e+00        1    8.32e-04    4.93e-03
   9  3.345807e-03    1.17e-04    1.68e+02   8.45e-04   1.08e-01  7.03e-01        1    8.23e-04    5.77e-03
  10  3.337667e-03    8.14e-06    1.68e+02   2.85e-04   1.11e-02  3.64e-01        1    8.23e-04    6.60e-03
  11  3.334018e-03    3.65e-06    1.68e+02   6.26e-05   6.83e-03  1.86e-01        1    8.78e-04    7.49e-03
  12  3.333414e-03    6.04e-07    1.68e+02   1.66e-05   1.78e-03  9.33e-02        1    8.40e-04    8.35e-03
  13  3.333171e-03    2.43e-07    1.68e+02   8.51e-06   1.24e-03  4.68e-02        1    8.21e-04    9.18e-03
  14  3.333063e-03    1.09e-07    1.68e+02   4.43e-06   1.02e-03  2.35e-02        1    8.20e-04    1.00e-02
  15  3.333012e-03    5.10e-08    0.00e+00   2.27e-06   9.22e-04  1.17e-02        1    2.29e-04    1.03e-02
  16  3.333035e-03    2.80e-08    0.00e+00   1.23e-06   9.91e-04  2.93e-03        1    2.27e-04    1.05e-02
  17  3.333055e-03    7.51e-09    1.68e+02   3.26e-07   1.05e-03  1.47e-03        1    9.40e-04    1.14e-02
  18  3.333051e-03    3.74e-09    1.68e+02   1.64e-07   1.04e-03  7.38e-04        1    8.24e-04    1.23e-02
H_my:
    0.9999938   0.003451173 -0.0006575135      50.87796
 -0.003318802     0.8665571    -0.4990669      99.32529
 -0.001152593      0.499066     0.8665632      148.1498
            0             0             0             1
H_tsai:
   0.9999183  0.009725992 -0.008294605     51.51592
 -0.01229058     0.909832   -0.4147948     97.94441
 0.003512406    0.4148628    0.9098772      145.838
           0            0            0            1
H_park:
   0.9999941  0.003374395 -0.000638896     50.87588
-0.003242987    0.8665611   -0.4990604     99.32585
-0.001130385    0.4990596    0.8665669     148.1496
           0            0            0            1
H_houard:
   0.9999958  0.002900528 -0.000238809     50.85382
-0.002631757     0.866191   -0.4997061     99.33822
-0.001242557    0.4997046     0.866195     148.1686
           0            0            0            1
H_andreff:
  0.9990192 -0.01142125 -0.04278192    51.42523
-0.01031172   0.8795938  -0.4756136    98.42779
 0.04306281   0.4755883   0.8786133    146.0024
          0           0           0           1
H_didalas:
  0.9837267  -0.0821917  -0.1597694     72.8239
-0.03978226   0.7675205  -0.6397888    106.8056
  0.1752116   0.6357333   0.7517606    220.8444
          0           0           0           1
myerror:
2.356039
tsai_error:
2.51273
parkerror:
2.356045
houard_error:
2.360175
andreff_error:
2.251002
didalas_error:
14.23291
