data_number:10
iter      cost      cost_change  |gradient|   |step|    tr_ratio  tr_radius  ls_iter  iter_time  total_time
   0  3.842130e+01    0.00e+00    1.57e+02   0.00e+00   0.00e+00  1.00e+04        0    7.77e-04    8.50e-04
   1  1.972678e+01    1.87e+01    1.57e+02   2.67e-01   4.89e-01  1.00e+04        1    1.01e-03    1.90e-03
   2  2.027126e+01   -5.44e-01    0.00e+00   4.19e-02  -1.12e-01  5.00e+03        1    2.84e-04    2.21e-03
   3  2.027058e+01   -5.44e-01    0.00e+00   4.19e-02  -1.12e-01  1.25e+03        1    3.06e-04    2.53e-03
   4  2.026655e+01   -5.40e-01    0.00e+00   4.17e-02  -1.11e-01  1.56e+02        1    2.41e-04    2.78e-03
   5  2.023070e+01   -5.04e-01    0.00e+00   4.03e-02  -1.04e-01  9.77e+00        1    2.38e-04    3.03e-03
   6  1.990714e+01   -1.80e-01    0.00e+00   2.42e-02  -4.01e-02  3.05e-01        1    2.38e-04    3.28e-03
   7  1.971974e+01    7.04e-03    1.57e+02   2.54e-03   9.39e-03  1.57e-01        1    8.29e-04    4.12e-03
   8  1.971757e+01    2.17e-03    1.57e+02   1.06e-03   5.48e-03  7.98e-02        1    9.23e-04    5.06e-03
   9  1.971669e+01    8.82e-04    1.57e+02   4.95e-04   4.32e-03  4.04e-02        1    9.29e-04    6.00e-03
  10  1.971629e+01    4.01e-04    1.57e+02   2.44e-04   3.81e-03  2.04e-02        1    9.17e-04    6.94e-03
  11  1.971610e+01    1.91e-04    1.57e+02   1.22e-04   3.56e-03  1.03e-02        1    9.04e-04    7.86e-03
  12  1.971600e+01    9.39e-05    1.57e+02   6.12e-05   3.44e-03  5.22e-03        1    8.93e-04    8.77e-03
  13  1.971596e+01    4.67e-05    1.57e+02   3.08e-05   3.37e-03  2.63e-03        1    8.80e-04    9.67e-03
  14  1.971593e+01    2.34e-05    1.57e+02   1.56e-05   3.34e-03  1.33e-03        1    9.44e-04    1.06e-02
H_my:
   0.9999777 -0.006359101  0.002059659     50.27559
 0.006530174    0.8635864   -0.5041586     99.81095
 0.001427302    0.5041608    0.8636086     149.2036
           0            0            0            1
H_tsai:
    0.999946  0.006270104 -0.008290948     51.26687
 -0.00915119    0.9093068   -0.4160257     98.51686
 0.004930492     0.416079    0.9093151     146.2048
           0            0            0            1
H_park:
   0.9999993 -0.001143833 0.0002422068      50.4535
 0.001111344    0.8655458   -0.5008286     99.80081
0.0003632229    0.5008285    0.8655465     149.0577
           0            0            0            1
H_houard:
    0.9999997 -0.0006011867   0.000383924      50.45966
 0.0007126356     0.8655396      -0.50084      99.80507
-3.120309e-05     0.5008401     0.8655398       149.054
            0             0             0             1
H_andreff:
   0.9999256   0.01188818  0.002732113     51.28065
-0.009002153    0.8703361   -0.4923759     98.95048
-0.008231309    0.4923147    0.8703784     149.6374
           0            0            0            1
H_didalas:
 -0.879745   0.474514 0.02975277   260.7712
 0.3870446  0.6784233  0.6244505    858.324
 0.2761255  0.5608728 -0.7804975   709.3169
         0          0          0          1
myerror:
1.976604
tsai_error:
2.360808
parkerror:
1.962699
houard_error:
1.961381
andreff_error:
1.96463
didalas_error:
213.055
