data_number:10
iter      cost      cost_change  |gradient|   |step|    tr_ratio  tr_radius  ls_iter  iter_time  total_time
   0  2.019656e+01    0.00e+00    8.92e+01   0.00e+00   0.00e+00  1.00e+04        0    7.00e-04    7.72e-04
   1  1.500849e-02    2.02e+01    8.92e+01   2.68e-01   9.99e-01  3.00e+04        1    8.97e-04    1.71e-03
   2  3.415670e-03    1.16e-02    8.92e+01   7.12e-03   8.42e-01  4.41e+04        1    8.78e-04    2.61e-03
   3  4.003455e-03   -5.88e-04    0.00e+00   3.09e-03  -5.21e-01  2.20e+04        1    2.44e-04    2.87e-03
   4  4.003362e-03   -5.88e-04    0.00e+00   3.09e-03  -5.21e-01  5.51e+03        1    2.36e-04    3.12e-03
   5  4.002803e-03   -5.87e-04    0.00e+00   3.09e-03  -5.21e-01  6.89e+02        1    2.35e-04    3.36e-03
   6  3.997602e-03   -5.82e-04    0.00e+00   3.08e-03  -5.16e-01  4.31e+01        1    2.34e-04    3.61e-03
   7  3.913396e-03   -4.98e-04    0.00e+00   2.99e-03  -4.42e-01  1.35e+00        1    2.34e-04    3.85e-03
   8  3.101702e-03    3.14e-04    8.92e+01   1.54e-03   3.57e-01  1.31e+00        1    8.60e-04    4.73e-03
   9  3.127634e-03   -2.59e-05    0.00e+00   9.11e-04  -7.48e-02  6.57e-01        1    3.03e-04    5.05e-03
  10  3.071711e-03    3.00e-05    8.92e+01   6.36e-04   1.10e-01  4.45e-01        1    1.10e-03    6.17e-03
  11  3.055067e-03    1.66e-05    8.92e+01   3.40e-04   8.58e-02  2.84e-01        1    8.90e-04    7.08e-03
  12  3.052205e-03    2.86e-06    8.92e+01   1.05e-04   2.57e-02  1.53e-01        1    8.90e-04    7.99e-03
  13  3.051966e-03    2.40e-07    8.92e+01   9.61e-06   3.48e-03  7.74e-02        1    8.55e-04    8.86e-03
  14  3.051851e-03    1.15e-07    8.92e+01   4.94e-06   3.00e-03  3.90e-02        1    8.56e-04    9.73e-03
  15  3.051794e-03    5.69e-08    8.92e+01   2.69e-06   2.80e-03  1.97e-02        1    9.05e-04    1.06e-02
  16  3.051766e-03    2.82e-08    8.92e+01   1.41e-06   2.68e-03  9.92e-03        1    8.82e-04    1.15e-02
  17  3.051751e-03    1.41e-08    8.92e+01   7.27e-07   2.62e-03  5.00e-03        1    8.61e-04    1.24e-02
  18  3.051744e-03    7.07e-09    8.92e+01   3.70e-07   2.58e-03  2.52e-03        1    8.46e-04    1.33e-02
  19  3.051741e-03    3.55e-09    8.92e+01   1.88e-07   2.57e-03  1.27e-03        1    8.45e-04    1.41e-02
H_my:
    0.9999979  -0.001677856   0.001150199      49.93847
  0.002028562     0.8647392    -0.5022171      102.6486
-0.0001519738     0.5022184     0.8647408      149.7573
            0             0             0             1
H_tsai:
   0.9999683 -0.004898503 -0.006277024     51.09126
 0.001880038    0.9113248   -0.4116838     100.0715
 0.007737042    0.4116589    0.9113051     149.0639
           0            0            0            1
H_park:
     0.999998  -0.001639562   0.001176882      49.93853
  0.002008837     0.8647674    -0.5021687      102.6467
-0.0001943926       0.50217     0.8647689      149.7559
            0             0             0             1
H_houard:
    0.9999986  -0.001172497   0.001197338      49.93011
  0.001615703     0.8642072    -0.5031335      102.6627
-0.0004448251     0.5031348     0.8642079      149.7616
            0             0             0             1
H_andreff:
    0.9999941 -5.925569e-05   0.003430812      49.65557
  0.001786019     0.8627202    -0.5056785      103.1461
 -0.002929866     0.5056816     0.8627152      149.8663
            0             0             0             1
H_didalas:
   0.9826941   -0.1262753   -0.1355243     74.85478
-0.002858437    0.7212067    -0.692714     117.8937
   0.1852137    0.6811134    0.7083647        256.3
           0            0            0            1
myerror:
1.452789
tsai_error:
2.454039
parkerror:
1.452801
houard_error:
1.451591
andreff_error:
1.452391
didalas_error:
20.8242
