data_number:11
iter      cost      cost_change  |gradient|   |step|    tr_ratio  tr_radius  ls_iter  iter_time  total_time
   0  4.446053e+01    0.00e+00    1.75e+00   0.00e+00   0.00e+00  1.00e+04        0    7.85e-04    8.43e-04
   1  1.977610e+01    2.47e+01    1.66e+00   2.73e-01   5.58e-01  1.00e+04        1    1.12e-03    2.00e-03
   2  1.999715e+01   -2.21e-01    0.00e+00   3.84e-02  -8.03e-02  5.01e+03        1    3.26e-04    2.34e-03
   3  1.999659e+01   -2.20e-01    0.00e+00   3.84e-02  -8.01e-02  1.25e+03        1    3.33e-04    2.69e-03
   4  1.999326e+01   -2.17e-01    0.00e+00   3.82e-02  -7.89e-02  1.56e+02        1    2.92e-04    2.99e-03
   5  1.996421e+01   -1.88e-01    0.00e+00   3.69e-02  -6.84e-02  9.78e+00        1    3.16e-04    3.32e-03
   6  1.975260e+01    2.35e-02    1.61e+00   2.30e-02   9.16e-03  5.03e+00        1    1.12e-03    4.46e-03
   7  1.976985e+01   -1.72e-02    0.00e+00   2.00e-02  -4.33e-03  2.51e+00        1    4.31e-04    4.92e-03
   8  1.972182e+01    3.08e-02    8.33e-01   1.39e-02   9.75e-03  1.29e+00        1    1.43e-03    6.37e-03
   9  1.970560e+01    1.62e-02    2.42e-01   7.70e-03   1.84e-02  6.83e-01        1    1.10e-03    7.50e-03
  10  1.970687e+01   -1.27e-03    0.00e+00   4.18e-03  -1.86e-03  3.42e-01        1    2.95e-04    7.81e-03
  11  1.970453e+01    1.07e-03    1.50e-01   1.97e-03   2.28e-03  1.72e-01        1    1.01e-03    8.83e-03
  12  1.970444e+01    8.86e-05    0.00e+00   4.19e-04   2.97e-04  8.60e-02        1    3.11e-04    9.15e-03
  13  1.970445e+01    8.25e-05    0.00e+00   1.81e-04   4.98e-04  2.15e-02        1    2.69e-04    9.43e-03
  14  1.970450e+01    2.70e-05    0.00e+00   4.46e-05   5.98e-04  2.69e-03        1    2.81e-04    9.73e-03
H_my:
    0.9999986  -0.001639126 -0.0002358427      49.66605
  0.001301129      0.865793    -0.5004006      102.3638
   0.00102441     0.5003996      0.865794      150.9259
            0             0             0             1
H_tsai:
   0.9998961 -0.001861934  -0.01429654     50.11445
-0.004033604    0.9158973   -0.4013925     99.78384
  0.01384153    0.4014085    0.9157946     150.6359
           0            0            0            1
H_park:
   0.9999992 -0.001286606 0.0001855262     49.65093
 0.001207579    0.8666282    -0.498953     102.3272
0.0004811737    0.4989528     0.866629     150.9336
           0            0            0            1
H_houard:
    0.9999994 -0.0009596664  0.0004780565      49.63941
  0.001070126     0.8660407    -0.4999723      102.3575
 6.579033e-05     0.4999726     0.8660412      150.9453
            0             0             0             1
H_andreff:
   0.9999364  0.007042637 -0.008808191     48.43283
 -0.01057334    0.8571215   -0.5150057     102.9551
 0.003922691    0.5150661    0.8571415     149.5043
           0            0            0            1
H_didalas:
  0.9772935   0.1905407  0.09269091    106.6801
-0.08820228   0.7635707  -0.6396719    138.0988
 -0.1926596   0.6169716   0.7630388     260.717
          0           0           0           1
myerror:
1.29278
tsai_error:
2.270314
parkerror:
1.297828
houard_error:
1.294193
andreff_error:
1.303993
didalas_error:
23.55099
