data_number:11
iter      cost      cost_change  |gradient|   |step|    tr_ratio  tr_radius  ls_iter  iter_time  total_time
   0  4.454393e+01    0.00e+00    1.79e+00   0.00e+00   0.00e+00  1.00e+04        0    8.09e-04    8.68e-04
   1  1.971368e+01    2.48e+01    1.11e+00   2.68e-01   5.61e-01  1.00e+04        1    1.12e-03    2.03e-03
   2  1.970727e+01    6.41e-03    8.04e-01   6.51e-03   3.03e-03  5.05e+03        1    1.04e-03    3.09e-03
   3  1.997634e+01   -2.69e-01    0.00e+00   2.67e-02  -1.50e-01  2.53e+03        1    2.85e-04    3.40e-03
   4  1.997599e+01   -2.69e-01    0.00e+00   2.67e-02  -1.49e-01  6.32e+02        1    2.73e-04    3.69e-03
   5  1.997390e+01   -2.67e-01    0.00e+00   2.66e-02  -1.48e-01  7.90e+01        1    2.72e-04    3.98e-03
   6  1.995532e+01   -2.48e-01    0.00e+00   2.57e-02  -1.38e-01  4.94e+00        1    2.69e-04    4.26e-03
   7  1.979054e+01   -8.33e-02    0.00e+00   1.58e-02  -4.99e-02  1.54e-01        1    2.71e-04    4.54e-03
   8  1.970221e+01    5.05e-03    7.15e-01   1.42e-03   1.68e-02  8.11e-02        1    1.03e-03    5.58e-03
   9  1.970019e+01    2.02e-03    6.59e-01   6.52e-04   1.20e-02  4.20e-02        1    1.11e-03    6.71e-03
  10  1.969927e+01    9.19e-04    6.27e-01   3.15e-04   1.01e-02  2.17e-02        1    1.03e-03    7.77e-03
  11  1.969883e+01    4.45e-04    6.09e-01   1.58e-04   9.31e-03  1.11e-02        1    1.02e-03    8.80e-03
  12  1.969860e+01    2.22e-04    6.00e-01   8.06e-05   8.94e-03  5.72e-03        1    1.02e-03    9.85e-03
  13  1.969849e+01    1.12e-04    5.95e-01   4.12e-05   8.75e-03  2.93e-03        1    1.02e-03    1.09e-02
  14  1.969844e+01    5.70e-05    5.93e-01   2.11e-05   8.66e-03  1.51e-03        1    1.01e-03    1.19e-02
  15  1.969841e+01    2.91e-05    5.92e-01   1.08e-05   8.61e-03  7.72e-04        1    1.01e-03    1.29e-02
H_my:
   0.9999501 -0.009839248 -0.001741219     49.91224
 0.007642938    0.8654049   -0.5010149     102.2426
  0.00643647    0.5009766    0.8654369     153.2286
           0            0            0            1
H_tsai:
  0.9998552  0.00575051 -0.01601604     50.7323
 -0.0117702   0.9134278  -0.4068306    100.3608
 0.01229001   0.4069602   0.9133632    152.0217
          0           0           0           1
H_park:
     0.999998   -0.00185322 -0.0007419039      49.95509
  0.001233833     0.8659764    -0.5000834      102.2575
  0.001569236     0.5000814      0.865977      153.3054
            0             0             0             1
H_houard:
    0.9999975  -0.002102656 -0.0007933465      49.95525
  0.001424505     0.8660886    -0.4998885      102.2526
  0.001738202     0.4998861     0.8660894      153.2997
            0             0             0             1
H_andreff:
   0.9998333   0.01773823 -0.004318754     49.24266
 -0.01749578    0.8634083   -0.5042023     102.1373
-0.005214807    0.5041938    0.8635748     152.8002
           0            0            0            1
H_didalas:
  0.9919536   0.1157619  0.05125632    74.02684
-0.05947012   0.7834789  -0.6185662    109.7306
 -0.1117647   0.6105408   0.7840591    197.4754
          0           0           0           1
myerror:
1.604311
tsai_error:
2.176963
parkerror:
1.572143
houard_error:
1.573294
andreff_error:
1.551077
didalas_error:
9.280056
