data_number:11
iter      cost      cost_change  |gradient|   |step|    tr_ratio  tr_radius  ls_iter  iter_time  total_time
   0  4.463916e+01    0.00e+00    1.86e+00   0.00e+00   0.00e+00  1.00e+04        0    8.42e-04    9.29e-04
   1  1.979164e+01    2.48e+01    1.91e+00   2.66e-01   5.62e-01  1.00e+04        1    1.09e-03    2.06e-03
   2  2.021782e+01   -4.26e-01    0.00e+00   4.18e-02  -8.95e-02  5.01e+03        1    2.84e-04    2.36e-03
   3  2.021739e+01   -4.26e-01    0.00e+00   4.18e-02  -8.94e-02  1.25e+03        1    2.78e-04    2.66e-03
   4  2.021481e+01   -4.23e-01    0.00e+00   4.17e-02  -8.88e-02  1.57e+02        1    2.77e-04    2.95e-03
   5  2.019154e+01   -4.00e-01    0.00e+00   4.09e-02  -8.40e-02  9.78e+00        1    2.75e-04    3.24e-03
   6  1.994355e+01   -1.52e-01    0.00e+00   3.03e-02  -3.33e-02  3.06e-01        1    2.75e-04    3.53e-03
   7  1.973675e+01    5.49e-02    1.78e+00   5.77e-03   4.60e-02  1.75e-01        1    1.03e-03    4.57e-03
   8  1.971653e+01    2.02e-02    1.52e+00   2.42e-03   2.47e-02  9.41e-02        1    1.21e-03    5.80e-03
   9  1.970758e+01    8.95e-03    1.36e+00   1.09e-03   2.22e-02  5.02e-02        1    1.07e-03    6.89e-03
  10  1.970326e+01    4.32e-03    1.27e+00   5.54e-04   2.11e-02  2.67e-02        1    1.05e-03    7.96e-03
  11  1.970108e+01    2.18e-03    1.22e+00   2.90e-04   2.04e-02  1.42e-02        1    1.48e-03    9.46e-03
  12  1.969995e+01    1.13e-03    1.20e+00   1.53e-04   2.00e-02  7.53e-03        1    1.06e-03    1.05e-02
  13  1.969936e+01    5.88e-04    1.18e+00   8.08e-05   1.97e-02  3.99e-03        1    1.01e-03    1.16e-02
  14  1.969905e+01    3.09e-04    1.18e+00   4.28e-05   1.96e-02  2.12e-03        1    1.05e-03    1.26e-02
  15  1.969889e+01    1.63e-04    1.17e+00   2.27e-05   1.95e-02  1.12e-03        1    1.01e-03    1.37e-02
  16  1.969880e+01    8.63e-05    1.17e+00   1.20e-05   1.95e-02  5.94e-04        1    1.01e-03    1.47e-02
  17  1.969876e+01    4.57e-05    1.17e+00   6.35e-06   1.95e-02  3.15e-04        1    1.04e-03    1.57e-02
  18  1.969873e+01    2.42e-05    1.17e+00   3.37e-06   1.95e-02  1.67e-04        1    1.05e-03    1.68e-02
H_my:
  0.9997926 -0.01840394 0.008715488    48.99055
  0.0202912   0.8644019  -0.5023919    100.3464
0.001712307   0.5024645   0.8645961    148.3699
          0           0           0           1
H_tsai:
  0.9998609 0.007025794 -0.01512804    49.39243
-0.01258862   0.9128649  -0.4080677    97.62504
 0.01094286   0.4082014   0.9128263    148.1423
          0           0           0           1
H_park:
    0.9999997 -0.0006819193  -0.000474496      49.11298
 0.0003522674     0.8653304    -0.5012017      99.78529
 0.0007523749     0.5012013     0.8653304      148.3385
            0             0             0             1
H_houard:
    0.9999996 -0.0008859657 -6.299453e-06      49.10395
  0.000763329     0.8651441    -0.5015228      99.80026
 0.0004497819     0.5015226     0.8651444       148.335
            0             0             0             1
H_andreff:
  0.9997425 -0.02104547 0.008488486    50.57371
 0.02242638   0.8591214  -0.5112803    100.3175
0.003467492    0.511339   0.8593721    147.1328
          0           0           0           1
H_didalas:
 0.8795103 -0.3613489 -0.3096587   54.91578
0.08659852  0.7613731 -0.6425043    128.564
  0.467934  0.5382731  0.7009278    240.564
         0          0          0          1
myerror:
1.915531
tsai_error:
2.605373
parkerror:
1.939491
houard_error:
1.938483
andreff_error:
1.954713
didalas_error:
16.85296
