data_number:11
iter      cost      cost_change  |gradient|   |step|    tr_ratio  tr_radius  ls_iter  iter_time  total_time
   0  4.448577e+01    0.00e+00    1.77e+00   0.00e+00   0.00e+00  1.00e+04        0    8.28e-04    8.96e-04
   1  1.973902e+01    2.47e+01    1.49e+00   2.70e-01   5.59e-01  1.00e+04        1    1.13e-03    2.07e-03
   2  1.977675e+01   -3.77e-02    0.00e+00   2.07e-02  -4.22e-02  5.01e+03        1    2.69e-04    2.36e-03
   3  1.977669e+01   -3.77e-02    0.00e+00   2.07e-02  -4.22e-02  1.25e+03        1    2.64e-04    2.63e-03
   4  1.977637e+01   -3.73e-02    0.00e+00   2.06e-02  -4.18e-02  1.57e+02        1    2.64e-04    2.91e-03
   5  1.977342e+01   -3.44e-02    0.00e+00   2.04e-02  -3.85e-02  9.78e+00        1    2.64e-04    3.19e-03
   6  1.973820e+01    8.22e-04    0.00e+00   1.72e-02   9.25e-04  3.06e-01        1    2.62e-04    3.46e-03
   7  1.970879e+01    3.02e-02    1.01e+00   4.06e-03   6.15e-02  1.83e-01        1    1.09e-03    4.56e-03
   8  1.969774e+01    1.10e-02    9.13e-01   2.04e-03   3.17e-02  1.00e-01        1    1.11e-03    5.68e-03
   9  1.969338e+01    4.36e-03    8.35e-01   1.02e-03   1.90e-02  5.30e-02        1    1.05e-03    6.74e-03
  10  1.969150e+01    1.87e-03    7.88e-01   4.99e-04   1.39e-02  2.76e-02        1    1.42e-03    8.18e-03
  11  1.969064e+01    8.68e-04    7.62e-01   2.47e-04   1.17e-02  1.43e-02        1    1.22e-03    9.44e-03
  12  1.969021e+01    4.22e-04    7.48e-01   1.24e-04   1.08e-02  7.39e-03        1    1.02e-03    1.05e-02
  13  1.969000e+01    2.11e-04    7.41e-01   6.31e-05   1.03e-02  3.81e-03        1    9.97e-04    1.15e-02
  14  1.968990e+01    1.07e-04    7.38e-01   3.23e-05   1.01e-02  1.96e-03        1    9.96e-04    1.25e-02
  15  1.968984e+01    5.47e-05    7.36e-01   1.66e-05   9.97e-03  1.01e-03        1    1.04e-03    1.36e-02
  16  1.968981e+01    2.81e-05    7.35e-01   8.52e-06   9.91e-03  5.21e-04        1    9.95e-04    1.46e-02
H_my:
    0.9999914   0.004071853 -0.0008038539      51.22196
 -0.003918138     0.8622585    -0.5064533      99.60518
 -0.001369073     0.5064521      0.862267      150.7161
            0             0             0             1
H_tsai:
  0.9998631 0.008531433 -0.01417748    52.35869
-0.01354837   0.9140005  -0.4054867    95.14166
0.009498837   0.4056233    0.913991    151.1303
          0           0           0           1
H_park:
    0.999998 0.0007958197  0.001830108     51.24504
0.0002248163     0.866287   -0.4995465     99.32979
-0.001982948    0.4995459    0.8662851     150.7523
           0            0            0            1
H_houard:
    0.9999992  0.0009574426  0.0007748253      51.28226
-0.0004438129     0.8669182    -0.4984503      99.27869
 -0.001148948     0.4984495      0.866918      150.7455
            0             0             0             1
H_andreff:
    0.9999994 -0.0008685074 -0.0005940954      51.02601
 0.0004542652     0.8655841    -0.5007634       100.098
 0.0009491562     0.5007628      0.865584      149.5025
            0             0             0             1
H_didalas:
   0.9879032  -0.09638331   -0.1214808     79.39236
-0.006062813     0.758778   -0.6513212     127.1843
   0.1549534    0.6441788    0.7490148     246.2536
           0            0            0            1
myerror:
1.485671
tsai_error:
2.315195
parkerror:
1.484499
houard_error:
1.484399
andreff_error:
1.507311
didalas_error:
19.78396
