data_number:11
iter      cost      cost_change  |gradient|   |step|    tr_ratio  tr_radius  ls_iter  iter_time  total_time
   0  2.614711e+01    0.00e+00    8.96e-01   0.00e+00   0.00e+00  1.00e+04        0    9.08e-04    9.94e-04
   1  1.985070e-02    2.61e+01    1.07e+00   2.67e-01   9.99e-01  3.00e+04        1    1.07e-03    2.10e-03
   2  5.131747e-03    1.47e-02    2.02e-01   7.46e-03   7.87e-01  3.70e+04        1    1.01e-03    3.14e-03
   3  6.354500e-03   -1.22e-03    0.00e+00   3.33e-03  -4.87e-01  1.85e+04        1    2.94e-04    3.44e-03
   4  6.354337e-03   -1.22e-03    0.00e+00   3.33e-03  -4.87e-01  4.63e+03        1    2.92e-04    3.75e-03
   5  6.353360e-03   -1.22e-03    0.00e+00   3.33e-03  -4.87e-01  5.78e+02        1    2.92e-04    4.05e-03
   6  6.344278e-03   -1.21e-03    0.00e+00   3.33e-03  -4.83e-01  3.62e+01        1    3.38e-04    4.40e-03
   7  6.196960e-03   -1.07e-03    0.00e+00   3.24e-03  -4.25e-01  1.13e+00        1    2.86e-04    4.70e-03
   8  4.695821e-03    4.36e-04    1.03e-01   1.73e-03   2.22e-01  9.64e-01        1    1.05e-03    5.76e-03
   9  4.598879e-03    9.69e-05    2.74e-02   7.12e-04   8.27e-02  6.10e-01        1    1.09e-03    6.86e-03
  10  4.587968e-03    1.09e-05    2.86e-02   3.40e-04   1.34e-02  3.17e-01        1    1.02e-03    7.89e-03
  11  4.581785e-03    6.18e-06    1.46e-02   7.59e-05   1.09e-02  1.64e-01        1    1.04e-03    8.94e-03
  12  4.580565e-03    1.22e-06    1.07e-02   2.09e-05   3.53e-03  8.28e-02        1    1.09e-03    1.01e-02
  13  4.580060e-03    5.05e-07    8.80e-03   1.08e-05   2.60e-03  4.17e-02        1    1.17e-03    1.12e-02
  14  4.579832e-03    2.28e-07    7.82e-03   5.63e-06   2.20e-03  2.10e-02        1    1.01e-03    1.23e-02
  15  4.579724e-03    1.08e-07    7.32e-03   2.90e-06   2.00e-03  1.06e-02        1    1.03e-03    1.33e-02
  16  4.579672e-03    5.23e-08    7.06e-03   1.47e-06   1.90e-03  5.31e-03        1    9.87e-04    1.43e-02
  17  4.579646e-03    2.58e-08    6.93e-03   7.46e-07   1.85e-03  2.67e-03        1    9.83e-04    1.53e-02
  18  4.579633e-03    1.28e-08    6.87e-03   3.76e-07   1.82e-03  1.34e-03        1    1.05e-03    1.64e-02
  19  4.579627e-03    6.43e-09    6.84e-03   1.90e-07   1.81e-03  6.75e-04        1    1.10e-03    1.75e-02
H_my:
   0.9999957 -0.002928373 -0.000346222     49.20333
 0.002363776    0.8662604   -0.4995871     100.7247
 0.001762896    0.4995841    0.8662636     151.8113
           0            0            0            1
H_tsai:
  0.9998744 0.004912959 -0.01506807    49.58485
-0.01061729   0.9135075  -0.4066832    98.94112
 0.01176678   0.4067921    0.913445    151.5707
          0           0           0           1
H_park:
    0.9999956  -0.002941615 -0.0003025725      49.20283
  0.002397176     0.8662958    -0.4995257      100.7238
  0.001731529     0.4995227      0.866299      151.8109
            0             0             0             1
H_houard:
   0.9999952 -0.003084123  0.000359794     49.19263
 0.002851036    0.8661066   -0.4998513     100.7329
 0.001229983    0.4998499    0.8661112     151.8096
           0            0            0            1
H_andreff:
  0.9998874  0.00415188 -0.01441961    49.33608
-0.01077876   0.8672796  -0.4977046    100.5839
 0.01043943    0.497804   0.8672267    151.9646
          0           0           0           1
H_didalas:
 0.9828443  -0.146893 -0.1115329   62.26368
0.05386508  0.8069656  -0.588137   115.8254
 0.1763964  0.5720393  0.8010339   213.6982
         0          0          0          1
myerror:
1.255927
tsai_error:
1.838906
parkerror:
1.255972
houard_error:
1.257648
andreff_error:
1.239519
didalas_error:
12.11716
