data_number:11
iter      cost      cost_change  |gradient|   |step|    tr_ratio  tr_radius  ls_iter  iter_time  total_time
   0  4.458387e+01    0.00e+00    1.82e+00   0.00e+00   0.00e+00  1.00e+04        0    7.93e-04    8.47e-04
   1  1.974970e+01    2.48e+01    1.57e+00   2.69e-01   5.59e-01  1.00e+04        1    1.13e-03    2.02e-03
   2  2.103420e+01   -1.28e+00    0.00e+00   6.81e-02  -1.62e-01  5.01e+03        1    2.94e-04    2.33e-03
   3  2.103185e+01   -1.28e+00    0.00e+00   6.80e-02  -1.62e-01  1.25e+03        1    2.90e-04    2.63e-03
   4  2.101788e+01   -1.27e+00    0.00e+00   6.77e-02  -1.60e-01  1.57e+02        1    2.89e-04    2.93e-03
   5  2.089732e+01   -1.15e+00    0.00e+00   6.49e-02  -1.46e-01  9.78e+00        1    2.90e-04    3.24e-03
   6  2.005716e+01   -3.07e-01    0.00e+00   3.91e-02  -4.94e-02  3.06e-01        1    2.90e-04    3.54e-03
   7  1.971036e+01    3.93e-02    8.19e-01   5.54e-03   5.76e-02  1.81e-01        1    1.19e-03    4.74e-03
   8  1.969971e+01    1.07e-02    8.34e-01   2.58e-03   2.21e-02  9.64e-02        1    1.10e-03    5.86e-03
   9  1.969643e+01    3.28e-03    7.96e-01   9.40e-04   1.17e-02  4.99e-02        1    1.08e-03    6.95e-03
  10  1.969512e+01    1.32e-03    7.68e-01   3.74e-04   9.12e-03  2.56e-02        1    1.02e-03    7.99e-03
  11  1.969451e+01    6.08e-04    7.52e-01   1.76e-04   8.23e-03  1.31e-02        1    1.05e-03    9.05e-03
  12  1.969421e+01    2.96e-04    7.44e-01   8.68e-05   7.81e-03  6.73e-03        1    1.02e-03    1.01e-02
  13  1.969406e+01    1.47e-04    7.39e-01   4.37e-05   7.61e-03  3.44e-03        1    1.01e-03    1.11e-02
  14  1.969399e+01    7.44e-05    7.37e-01   2.22e-05   7.50e-03  1.76e-03        1    1.01e-03    1.21e-02
  15  1.969395e+01    3.78e-05    7.36e-01   1.13e-05   7.45e-03  9.00e-04        1    1.06e-03    1.32e-02
H_my:
    0.999963 -0.007938026  0.003303723     46.31478
 0.008524255    0.8650316    -0.501645     98.86648
 0.001124247    0.5016546    0.8650673     148.8523
           0            0            0            1
H_tsai:
  0.9998408 0.007722687 -0.01608428    46.74246
-0.01360537   0.9132011  -0.4072821    95.35939
 0.01154287   0.4074361   0.9131608    147.9899
          0           0           0           1
H_park:
   0.9999993 0.0006644679 -0.001017218     46.44183
  -0.0010843    0.8658017   -0.5003861     98.63073
0.0005482185    0.5003869    0.8658018     148.8585
           0            0            0            1
H_houard:
    0.9999991 -2.095895e-05  -0.001312446       46.4501
-0.0006388978     0.8656652     -0.500623      98.64766
  0.001146631     0.5006234     0.8656644       148.869
            0             0             0             1
H_andreff:
  0.9997414  0.01952017  0.01166579    46.11734
-0.01116907   0.8683512   -0.495824    97.79909
-0.01980858   0.4955655   0.8683447    149.5739
          0           0           0           1
H_didalas:
  -0.2676538     0.963477 -0.008570128     625.6975
   0.8352423    0.2364461     0.496451     791.3265
   0.4803455    0.1257189   -0.8680225     610.5374
           0            0            0            1
myerror:
1.720962
tsai_error:
2.34797
parkerror:
1.702103
houard_error:
1.70448
andreff_error:
1.688356
didalas_error:
198.4458
