data_number:12
iter      cost      cost_change  |gradient|   |step|    tr_ratio  tr_radius  ls_iter  iter_time  total_time
   0  3.204757e+01    0.00e+00    1.93e+00   0.00e+00   0.00e+00  1.00e+04        0    1.03e-03    1.10e-03
   1  2.164764e-02    3.20e+01    1.19e+00   2.67e-01   9.99e-01  3.00e+04        1    1.36e-03    2.49e-03
   2  4.560007e-03    1.71e-02    2.25e-01   7.02e-03   8.39e-01  4.35e+04        1    1.22e-03    3.74e-03
   3  4.855526e-03   -2.96e-04    0.00e+00   3.10e-03  -1.28e-01  2.18e+04        1    3.31e-04    4.09e-03
   4  4.855431e-03   -2.95e-04    0.00e+00   3.10e-03  -1.28e-01  5.44e+03        1    3.85e-04    4.49e-03
   5  4.854862e-03   -2.95e-04    0.00e+00   3.10e-03  -1.27e-01  6.80e+02        1    3.74e-04    4.87e-03
   6  4.849569e-03   -2.90e-04    0.00e+00   3.09e-03  -1.25e-01  4.25e+01        1    3.74e-04    5.26e-03
   7  4.762317e-03   -2.02e-04    0.00e+00   3.04e-03  -8.74e-02  1.33e+00        1    3.52e-04    5.63e-03
   8  3.647218e-03    9.13e-04    7.17e-02   1.94e-03   4.59e-01  1.33e+00        1    1.24e-03    6.88e-03
   9  3.572940e-03    7.43e-05    4.13e-02   7.89e-04   2.40e-01  1.16e+00        1    1.17e-03    8.07e-03
  10  3.543929e-03    2.90e-05    3.71e-02   4.53e-04   1.78e-01  9.19e-01        1    1.17e-03    9.25e-03
  11  3.532444e-03    1.15e-05    1.20e-02   2.44e-04   1.40e-01  6.68e-01        1    1.22e-03    1.05e-02
  12  3.530530e-03    1.91e-06    8.58e-03   9.78e-05   3.28e-02  3.68e-01        1    1.16e-03    1.17e-02
  13  3.529944e-03    5.86e-07    3.25e-03   2.40e-05   1.59e-02  1.93e-01        1    1.20e-03    1.29e-02
  14  3.529857e-03    8.67e-08    2.33e-03   5.25e-06   3.76e-03  9.76e-02        1    1.16e-03    1.40e-02
  15  3.529820e-03    3.70e-08    1.92e-03   2.74e-06   2.83e-03  4.92e-02        1    1.21e-03    1.53e-02
  16  3.529803e-03    1.70e-08    1.71e-03   1.45e-06   2.43e-03  2.48e-02        1    1.24e-03    1.65e-02
  17  3.529795e-03    8.10e-09    1.60e-03   7.52e-07   2.22e-03  1.25e-02        1    1.24e-03    1.78e-02
  18  3.529791e-03    3.95e-09    1.54e-03   3.84e-07   2.12e-03  6.28e-03        1    1.25e-03    1.90e-02
H_my:
    0.9999997 -6.928252e-05  0.0007633953      51.12916
 0.0004411616     0.8664531    -0.4992583       100.136
-0.0006268564     0.4992585     0.8664529      148.5891
            0             0             0             1
H_tsai:
   0.9998934  0.002790892  -0.01433143     51.69002
-0.008628948    0.9047554    -0.425844     97.78814
  0.01177795    0.4259223    0.9046831     147.9515
           0            0            0            1
H_park:
    0.9999997 -8.679915e-05  0.0007555633      51.12945
 0.0004524369     0.8664465    -0.4992698      100.1364
-0.0006113189       0.49927     0.8664463      148.5893
            0             0             0             1
H_houard:
    0.9999999 -5.266829e-05  0.0004588259      51.13975
 0.0002743653     0.8669125    -0.4984603      100.1098
-0.0003715088     0.4984604     0.8669124      148.5801
            0             0             0             1
H_andreff:
   0.9997434 -0.002447043   0.02251774     50.57643
  0.01366292     0.858065   -0.5133593     100.8281
 -0.01806547    0.5135352    0.8578783     148.5426
           0            0            0            1
H_didalas:
   0.981257  -0.1375673  -0.1349444     70.0973
0.008852053   0.7317075  -0.6815612     121.197
  0.1925003   0.6675922   0.7192109    233.8753
          0           0           0           1
myerror:
1.23793
tsai_error:
1.844329
parkerror:
1.237932
houard_error:
1.240606
andreff_error:
1.192548
didalas_error:
14.97422
