data_number:12
iter      cost      cost_change  |gradient|   |step|    tr_ratio  tr_radius  ls_iter  iter_time  total_time
   0  5.045865e+01    0.00e+00    7.92e-01   0.00e+00   0.00e+00  1.00e+04        0    9.64e-04    1.05e-03
   1  1.987890e+01    3.06e+01    1.52e+00   2.71e-01   6.08e-01  1.01e+04        1    1.31e-03    2.40e-03
   2  2.061783e+01   -7.39e-01    0.00e+00   5.11e-02  -4.20e-01  5.05e+03        1    3.33e-04    2.75e-03
   3  2.061555e+01   -7.37e-01    0.00e+00   5.10e-02  -4.19e-01  1.26e+03        1    3.31e-04    3.09e-03
   4  2.060202e+01   -7.23e-01    0.00e+00   5.07e-02  -4.11e-01  1.58e+02        1    3.29e-04    3.43e-03
   5  2.048848e+01   -6.10e-01    0.00e+00   4.81e-02  -3.48e-01  9.86e+00        1    3.29e-04    3.78e-03
   6  1.986562e+01    1.33e-02    1.20e+00   2.90e-02   9.31e-03  5.07e+00        1    1.19e-03    4.98e-03
   7  1.971150e+01    1.54e-01    4.43e-01   1.89e-02   7.40e-02  3.13e+00        1    1.20e-03    6.19e-03
   8  1.971108e+01    4.16e-04    0.00e+00   3.32e-03   4.74e-04  1.57e+00        1    3.71e-04    6.58e-03
   9  1.970999e+01    1.50e-03    3.95e-01   2.72e-03   1.96e-03  7.88e-01        1    1.19e-03    7.78e-03
  10  1.971134e+01   -1.34e-03    0.00e+00   3.47e-03  -2.08e-03  3.94e-01        1    3.53e-04    8.14e-03
  11  1.970878e+01    1.22e-03    1.94e-01   1.72e-03   2.72e-03  1.99e-01        1    1.20e-03    9.35e-03
  12  1.970831e+01    4.67e-04    1.35e-01   5.08e-04   1.83e-03  9.99e-02        1    1.29e-03    1.07e-02
  13  1.970820e+01    1.14e-04    0.00e+00   1.76e-04   7.92e-04  4.99e-02        1    4.35e-04    1.11e-02
  14  1.970824e+01    6.72e-05    0.00e+00   9.79e-05   8.76e-04  1.25e-02        1    3.47e-04    1.15e-02
H_my:
    0.999994 -0.002368848 -0.002511203     49.81395
0.0007959498    0.8660347   -0.4999833     100.9516
 0.003359174    0.4999783    0.8660314     147.5065
           0            0            0            1
H_tsai:
   0.9998554  0.002430739  -0.01682843     49.82276
-0.009372732    0.9045713   -0.4262192     98.85723
  0.01418649    0.4263154    0.9044634     145.8404
           0            0            0            1
H_park:
   0.9999983 -0.001003739 -0.001535896     49.78674
0.0001021212    0.8662452    -0.499619     100.9425
  0.00183195     0.499618    0.8662439      147.486
           0            0            0            1
H_houard:
     0.999997 -0.0003802812  -0.002410383      49.80598
-0.0008729006      0.866674    -0.4988742      100.9178
  0.002278728     0.4988748      0.866671      147.4665
            0             0             0             1
H_andreff:
   0.9999729 -0.006805066  0.002814913     49.23348
 0.007301771    0.8664965   -0.4991297     101.5522
0.0009574985    0.4991367    0.8665227     145.6961
           0            0            0            1
H_didalas:
  0.9910075 -0.08578986  -0.1026849    69.23332
-0.01172888   0.7087662   -0.705346    116.3256
  0.1332911   0.7002075   0.7013864    221.9659
          0           0           0           1
myerror:
1.455789
tsai_error:
1.818743
parkerror:
1.456682
houard_error:
1.457673
andreff_error:
1.485054
didalas_error:
12.27651
