data_number:12
iter      cost      cost_change  |gradient|   |step|    tr_ratio  tr_radius  ls_iter  iter_time  total_time
   0  3.206114e+01    0.00e+00    1.93e+00   0.00e+00   0.00e+00  1.00e+04        0    9.81e-04    1.05e-03
   1  2.178230e-02    3.20e+01    1.19e+00   2.67e-01   9.99e-01  3.00e+04        1    1.27e-03    2.36e-03
   2  3.712229e-03    1.81e-02    1.58e-01   6.82e-03   8.75e-01  5.18e+04        1    1.22e-03    3.60e-03
   3  3.990959e-03   -2.79e-04    0.00e+00   1.90e-03  -1.85e-01  2.59e+04        1    3.23e-04    3.95e-03
   4  3.990923e-03   -2.79e-04    0.00e+00   1.90e-03  -1.85e-01  6.47e+03        1    3.21e-04    4.28e-03
   5  3.990702e-03   -2.78e-04    0.00e+00   1.90e-03  -1.85e-01  8.09e+02        1    3.12e-04    4.61e-03
   6  3.988645e-03   -2.76e-04    0.00e+00   1.90e-03  -1.84e-01  5.06e+01        1    3.13e-04    4.93e-03
   7  3.954676e-03   -2.42e-04    0.00e+00   1.87e-03  -1.61e-01  1.58e+00        1    3.19e-04    5.26e-03
   8  3.490563e-03    2.22e-04    7.30e-02   1.22e-03   1.73e-01  1.23e+00        1    1.23e-03    6.51e-03
   9  3.413032e-03    7.75e-05    2.81e-02   5.87e-04   1.08e-01  8.33e-01        1    1.20e-03    7.73e-03
  10  3.405357e-03    7.68e-06    1.85e-02   2.25e-04   1.36e-02  4.34e-01        1    1.53e-03    9.28e-03
  11  3.402007e-03    3.35e-06    6.69e-03   5.90e-05   8.84e-03  2.23e-01        1    1.27e-03    1.06e-02
  12  3.401688e-03    3.20e-07    5.09e-03   1.05e-05   1.33e-03  1.12e-01        1    1.20e-03    1.18e-02
  13  3.401562e-03    1.25e-07    0.00e+00   5.25e-06   9.07e-04  5.59e-02        1    3.08e-04    1.21e-02
  14  3.401600e-03    8.72e-08    4.51e-03   3.53e-06   1.18e-03  2.80e-02        1    1.18e-03    1.33e-02
  15  3.401561e-03    3.92e-08    4.21e-03   1.76e-06   1.01e-03  1.41e-02        1    1.24e-03    1.46e-02
  16  3.401543e-03    1.86e-08    0.00e+00   8.80e-07   9.42e-04  7.03e-03        1    3.27e-04    1.49e-02
  17  3.401551e-03    9.76e-09    0.00e+00   4.58e-07   9.79e-04  1.76e-03        1    3.29e-04    1.52e-02
H_my:
    0.9999987  -0.001421049 -0.0007626626      51.71921
 0.0008503916     0.8664105    -0.4993317      99.43269
  0.001370354     0.4993305     0.8664105      153.2799
            0             0             0             1
H_tsai:
   0.9998737  0.001823951  -0.01578783     52.16928
-0.008392117    0.9041995   -0.4270279     97.43896
  0.01349647    0.4271064    0.9041006     151.7917
           0            0            0            1
H_park:
    0.9999987  -0.001450084 -0.0007246842      51.71796
 0.0008945071     0.8664088    -0.4993346       99.4329
   0.00135195     0.4993333     0.8664089        153.28
            0             0             0             1
H_houard:
   0.9999989 -0.001026351 -0.001074068     51.73013
0.0003522727    0.8661849   -0.4997236     99.44162
 0.001443233    0.4997226    0.8661843     153.2878
           0            0            0            1
H_andreff:
   0.9998385 -0.002309103  -0.01782475     52.10126
-0.007190863    0.8574968   -0.5144391     100.1591
  0.01647256    0.5144842    0.8573416     153.5166
           0            0            0            1
H_didalas:
  0.9926711 -0.05021726  -0.1099198    69.14714
-0.04215615   0.7085431  -0.7044073     108.309
  0.1132563   0.7038785   0.7012332     220.293
          0           0           0           1
myerror:
1.412852
tsai_error:
1.881475
parkerror:
1.412911
houard_error:
1.411199
andreff_error:
1.372657
didalas_error:
11.11201
