data_number:12
iter      cost      cost_change  |gradient|   |step|    tr_ratio  tr_radius  ls_iter  iter_time  total_time
   0  3.223281e+01    0.00e+00    1.87e+00   0.00e+00   0.00e+00  1.00e+04        0    9.68e-04    1.03e-03
   1  2.370496e-02    3.22e+01    1.19e+00   2.67e-01   9.99e-01  3.00e+04        1    1.26e-03    2.32e-03
   2  5.785944e-03    1.79e-02    2.21e-01   7.14e-03   8.32e-01  4.24e+04        1    1.24e-03    3.57e-03
   3  6.157303e-03   -3.71e-04    0.00e+00   2.30e-03  -1.89e-01  2.12e+04        1    3.11e-04    3.90e-03
   4  6.157221e-03   -3.71e-04    0.00e+00   2.30e-03  -1.89e-01  5.30e+03        1    3.21e-04    4.23e-03
   5  6.156729e-03   -3.71e-04    0.00e+00   2.30e-03  -1.89e-01  6.63e+02        1    3.09e-04    4.56e-03
   6  6.152156e-03   -3.66e-04    0.00e+00   2.30e-03  -1.86e-01  4.14e+01        1    3.44e-04    4.91e-03
   7  6.078086e-03   -2.92e-04    0.00e+00   2.24e-03  -1.49e-01  1.29e+00        1    3.65e-04    5.29e-03
   8  5.344553e-03    4.41e-04    5.62e-02   1.26e-03   2.77e-01  1.19e+00        1    1.31e-03    6.62e-03
   9  5.308055e-03    3.65e-05    1.01e-02   2.91e-04   4.94e-02  6.86e-01        1    1.33e-03    7.97e-03
  10  5.308529e-03   -4.74e-07    0.00e+00   1.18e-04  -7.89e-04  3.43e-01        1    3.56e-04    8.35e-03
  11  5.306452e-03    1.60e-06    5.97e-03   6.27e-05   3.87e-03  1.74e-01        1    1.32e-03    9.69e-03
  12  5.306344e-03    1.08e-07    0.00e+00   4.70e-06   4.28e-04  8.68e-02        1    3.30e-04    1.00e-02
  13  5.306353e-03    9.88e-08    0.00e+00   3.92e-06   6.95e-04  2.17e-02        1    3.31e-04    1.04e-02
  14  5.306415e-03    3.70e-08    0.00e+00   1.41e-06   9.44e-04  2.71e-03        1    3.60e-04    1.07e-02
H_my:
    0.9999977  -0.001971466 -0.0008009096      49.82374
   0.00130553     0.8656207    -0.5006986      100.4877
  0.001680394     0.5006964     0.8656213       149.566
            0             0             0             1
H_tsai:
   0.9998819  0.001282362  -0.01531741     50.42364
-0.007718589    0.9036525   -0.4281969     97.50556
  0.01329251    0.4282645    0.9035556     149.9183
           0            0            0            1
H_park:
    0.9999977  -0.001986822 -0.0008202381      49.82469
  0.001309232     0.8656461    -0.5006546       100.486
  0.001704747     0.5006524     0.8656467      149.5661
            0             0             0             1
H_houard:
    0.9999985   -0.00168528 -0.0003514605       49.8036
  0.001282168     0.8653279    -0.5012045      100.5074
  0.001148798     0.5012033     0.8653288      149.5622
            0             0             0             1
H_andreff:
   0.9993133   0.02268446   0.02929629     48.31661
-0.004840427    0.8638284   -0.5037628     101.1826
 -0.03673456    0.5032751    0.8633451     148.5527
           0            0            0            1
H_didalas:
  0.9960201 -0.03891466 -0.08018543    72.52963
-0.01768191   0.7954987  -0.6056973    122.8487
 0.08735791   0.6047045   0.7916445    219.3567
          0           0           0           1
myerror:
1.669987
tsai_error:
2.04762
parkerror:
1.670099
houard_error:
1.667877
andreff_error:
1.625964
didalas_error:
12.74975
