data_number:12
iter      cost      cost_change  |gradient|   |step|    tr_ratio  tr_radius  ls_iter  iter_time  total_time
   0  3.230397e+01    0.00e+00    1.83e+00   0.00e+00   0.00e+00  1.00e+04        0    1.03e-03    1.11e-03
   1  2.320964e-02    3.23e+01    1.19e+00   2.68e-01   9.99e-01  3.00e+04        1    1.29e-03    2.44e-03
   2  4.776552e-03    1.84e-02    1.91e-01   7.09e-03   8.53e-01  4.63e+04        1    1.21e-03    3.67e-03
   3  5.493380e-03   -7.17e-04    0.00e+00   2.96e-03  -4.01e-01  2.31e+04        1    3.73e-04    4.06e-03
   4  5.493274e-03   -7.17e-04    0.00e+00   2.96e-03  -4.01e-01  5.78e+03        1    3.64e-04    4.44e-03
   5  5.492639e-03   -7.16e-04    0.00e+00   2.96e-03  -4.00e-01  7.23e+02        1    3.24e-04    4.78e-03
   6  5.486731e-03   -7.10e-04    0.00e+00   2.96e-03  -3.97e-01  4.52e+01        1    4.02e-04    5.19e-03
   7  5.389683e-03   -6.13e-04    0.00e+00   2.89e-03  -3.43e-01  1.41e+00        1    4.92e-04    5.70e-03
   8  4.225978e-03    5.51e-04    1.10e-01   1.71e-03   3.75e-01  1.39e+00        1    1.27e-03    6.99e-03
   9  4.164815e-03    6.12e-05    7.75e-02   8.87e-04   9.98e-02  9.19e-01        1    1.19e-03    8.19e-03
  10  4.116481e-03    4.83e-05    3.60e-02   5.36e-04   1.45e-01  6.77e-01        1    1.25e-03    9.45e-03
  11  4.104825e-03    1.17e-05    1.28e-02   2.21e-04   4.84e-02  3.90e-01        1    1.33e-03    1.08e-02
  12  4.103524e-03    1.30e-06    3.88e-03   3.97e-05   8.98e-03  2.00e-01        1    1.26e-03    1.21e-02
  13  4.103427e-03    9.72e-08    2.65e-03   5.71e-06   1.06e-03  1.00e-01        1    1.25e-03    1.34e-02
  14  4.103390e-03    3.71e-08    0.00e+00   2.77e-06   7.09e-04  5.02e-02        1    3.30e-04    1.37e-02
  15  4.103401e-03    2.58e-08    0.00e+00   1.85e-06   9.20e-04  1.26e-02        1    3.28e-04    1.40e-02
  16  4.103419e-03    8.25e-09    2.54e-03   5.66e-07   1.12e-03  6.30e-03        1    1.25e-03    1.53e-02
H_my:
   0.9999985 -0.001414024 -0.001015315     51.05281
 0.000714876    0.8653792   -0.5011171     98.86365
 0.001587224    0.5011157    0.8653789     149.6886
           0            0            0            1
H_tsai:
   0.9998716  0.001498813  -0.01595665     51.31141
-0.008193617    0.9034749   -0.4285626      97.0817
   0.0137741    0.4286383    0.9033712     149.6944
           0            0            0            1
H_park:
   0.9999985 -0.001398372 -0.001027693     51.05288
 0.000695096    0.8653688    -0.501135     98.86445
 0.001590107    0.5011335    0.8653685     149.6886
           0            0            0            1
H_houard:
   0.9999982 -0.001455622  -0.00122526     51.05876
0.0006446518    0.8650946   -0.5016082       98.879
 0.001790118    0.5016065     0.865094      149.685
           0            0            0            1
H_andreff:
   0.9998308   0.01678529 -0.007522263     51.48531
 -0.01829677    0.8656441   -0.5003255     98.78078
-0.001886508    0.5003785    0.8658047     149.8425
           0            0            0            1
H_didalas:
  0.9989608  0.02993246 -0.03437203    80.80708
-0.04456533   0.7995749  -0.5989106      124.09
0.009556146     0.59982   0.8000779    225.4587
          0           0           0           1
myerror:
1.303126
tsai_error:
1.709065
parkerror:
1.303077
houard_error:
1.302929
andreff_error:
1.294302
didalas_error:
14.35891
