data_number:12
iter      cost      cost_change  |gradient|   |step|    tr_ratio  tr_radius  ls_iter  iter_time  total_time
   0  3.193886e+01    0.00e+00    1.97e+00   0.00e+00   0.00e+00  1.00e+04        0    9.95e-04    1.05e-03
   1  2.343628e-02    3.19e+01    1.19e+00   2.66e-01   9.99e-01  3.00e+04        1    1.26e-03    2.34e-03
   2  6.222919e-03    1.72e-02    2.54e-01   7.31e-03   7.89e-01  3.71e+04        1    1.22e-03    3.59e-03
   3  6.156108e-03    6.68e-05    2.64e-01   2.61e-03   3.05e-02  2.03e+04        1    1.38e-03    4.98e-03
   4  7.856382e-03   -1.70e-03    0.00e+00   3.66e-03  -6.63e-01  1.02e+04        1    3.10e-04    5.31e-03
   5  7.855948e-03   -1.70e-03    0.00e+00   3.66e-03  -6.63e-01  2.54e+03        1    3.25e-04    5.65e-03
   6  7.853346e-03   -1.70e-03    0.00e+00   3.66e-03  -6.62e-01  3.17e+02        1    3.05e-04    5.96e-03
   7  7.829210e-03   -1.67e-03    0.00e+00   3.65e-03  -6.52e-01  1.98e+01        1    3.14e-04    6.29e-03
   8  7.455059e-03   -1.30e-03    0.00e+00   3.46e-03  -5.08e-01  6.20e-01        1    3.14e-04    6.61e-03
   9  5.402319e-03    7.54e-04    1.89e-02   1.29e-03   4.95e-01  6.20e-01        1    1.29e-03    7.92e-03
  10  5.400383e-03    1.94e-06    1.44e-02   1.77e-04   5.11e-03  3.15e-01        1    1.29e-03    9.24e-03
  11  5.398178e-03    2.21e-06    6.33e-03   4.09e-05   8.66e-03  1.62e-01        1    1.25e-03    1.05e-02
  12  5.397844e-03    3.34e-07    4.86e-03   1.00e-05   2.13e-03  8.13e-02        1    1.26e-03    1.18e-02
  13  5.397714e-03    1.30e-07    4.10e-03   4.89e-06   1.46e-03  4.08e-02        1    1.21e-03    1.30e-02
  14  5.397656e-03    5.77e-08    3.71e-03   2.51e-06   1.22e-03  2.05e-02        1    1.19e-03    1.42e-02
  15  5.397629e-03    2.71e-08    3.51e-03   1.28e-06   1.11e-03  1.03e-02        1    1.22e-03    1.54e-02
  16  5.397616e-03    1.31e-08    3.40e-03   6.48e-07   1.05e-03  5.15e-03        1    1.18e-03    1.66e-02
  17  5.397609e-03    6.46e-09    3.35e-03   3.27e-07   1.02e-03  2.59e-03        1    1.21e-03    1.78e-02
H_my:
    0.9999998 -0.0006109646 -0.0002964888      51.71806
 0.0003818122     0.8668656    -0.4985418      99.79618
 0.0005616073     0.4985416     0.8668656      151.5135
            0             0             0             1
H_tsai:
   0.9998834   0.00217154  -0.01511724     52.14447
-0.008411632    0.9044785   -0.4264363     98.72259
   0.0127472    0.4265137    0.9043913     149.7302
           0            0            0            1
H_park:
    0.9999998 -0.0005959513 -0.0003217741      51.71873
 0.0003561762      0.866852    -0.4985655      99.79707
 0.0005760513     0.4985653      0.866852      151.5136
            0             0             0             1
H_houard:
    0.9999996  -0.000760229 -0.0003640561      51.71701
  0.000477007     0.8664977    -0.4991808      99.80462
 0.0006949455     0.4991804     0.8664978       151.523
            0             0             0             1
H_andreff:
  0.9996775 0.008895763  0.02378421    52.60082
0.003836719    0.872965  -0.4877678    99.01855
-0.02510185   0.4877018   0.8726493     153.265
          0           0           0           1
H_didalas:
 0.9336229  0.3277439  0.1446798    107.187
-0.1420871  0.7094668 -0.6902667   114.7675
-0.3288762  0.6238917  0.7089426   227.8478
         0          0          0          1
myerror:
1.518875
tsai_error:
1.719524
parkerror:
1.518969
houard_error:
1.520237
andreff_error:
1.500286
didalas_error:
14.48019
