data_number:13
iter      cost      cost_change  |gradient|   |step|    tr_ratio  tr_radius  ls_iter  iter_time  total_time
   0  3.693850e+01    0.00e+00    2.93e-01   0.00e+00   0.00e+00  1.00e+04        0    1.12e-03    1.19e-03
   1  2.611106e-02    3.69e+01    1.25e+00   2.66e-01   9.99e-01  3.00e+04        1    1.43e-03    2.66e-03
   2  5.715573e-03    2.04e-02    2.34e-01   7.05e-03   8.43e-01  4.43e+04        1    1.47e-03    4.14e-03
   3  6.660704e-03   -9.45e-04    0.00e+00   2.56e-03  -5.63e-01  2.21e+04        1    3.91e-04    4.55e-03
   4  6.660602e-03   -9.45e-04    0.00e+00   2.56e-03  -5.63e-01  5.54e+03        1    3.76e-04    4.94e-03
   5  6.659994e-03   -9.44e-04    0.00e+00   2.56e-03  -5.63e-01  6.92e+02        1    4.52e-04    5.41e-03
   6  6.654329e-03   -9.39e-04    0.00e+00   2.56e-03  -5.60e-01  4.33e+01        1    4.15e-04    5.84e-03
   7  6.561113e-03   -8.46e-04    0.00e+00   2.50e-03  -5.04e-01  1.35e+00        1    3.70e-04    6.24e-03
   8  5.389791e-03    3.26e-04    1.46e-01   1.48e-03   2.34e-01  1.17e+00        1    1.72e-03    7.97e-03
   9  5.253995e-03    1.36e-04    5.94e-02   7.61e-04   1.81e-01  9.32e-01        1    1.48e-03    9.48e-03
  10  5.237708e-03    1.63e-05    3.43e-02   3.59e-04   3.66e-02  5.19e-01        1    1.41e-03    1.09e-02
  11  5.225766e-03    1.19e-05    1.64e-03   1.46e-04   3.62e-02  2.89e-01        1    1.42e-03    1.23e-02
  12  5.225785e-03   -1.94e-08    0.00e+00   8.81e-06  -8.91e-05  1.44e-01        1    3.97e-04    1.28e-02
  13  5.225756e-03    9.48e-09    0.00e+00   3.34e-06   7.23e-05  3.61e-02        1    3.93e-04    1.32e-02
H_my:
   0.9999976 0.0003225819 -0.002160034     47.42051
-0.001357062    0.8667022   -0.4988241     102.1674
 0.001711194    0.4988259    0.8667005     151.3445
           0            0            0            1
H_tsai:
  0.9998725 0.005835778 -0.01486613     47.7647
-0.01159453   0.9053947  -0.4244124    99.33369
 0.01098294   0.4245307   0.9053469    151.2433
          0           0           0           1
H_park:
   0.9999976 0.0003105971 -0.002152033      47.4204
-0.001342698    0.8666982    -0.498831     102.1678
 0.001710228    0.4988327    0.8666966     151.3445
           0            0            0            1
H_houard:
    0.9999995 -0.0002330653  -0.001004498      47.39417
-0.0002993138     0.8665797    -0.4990386       102.179
 0.0009867863     0.4990386     0.8665792      151.3383
            0             0             0             1
H_andreff:
   0.9999455  0.007441057  0.007321162     47.22469
-0.002816389    0.8676424   -0.4971808     102.1876
  -0.0100517    0.4971331    0.8676161     151.5883
           0            0            0            1
H_didalas:
  0.9959405 -0.02728745 -0.08577865    69.71116
 -0.0291817   0.8036002  -0.5944537    125.7318
 0.08515287   0.5945437   0.7995416    217.2471
          0           0           0           1
myerror:
1.320779
tsai_error:
1.735344
parkerror:
1.320781
houard_error:
1.320003
andreff_error:
1.313595
didalas_error:
10.94193
