data_number:13
iter      cost      cost_change  |gradient|   |step|    tr_ratio  tr_radius  ls_iter  iter_time  total_time
   0  5.545110e+01    0.00e+00    1.67e+00   0.00e+00   0.00e+00  1.00e+04        0    1.12e-03    1.17e-03
   1  1.971371e+01    3.57e+01    8.49e-01   2.65e-01   6.47e-01  1.03e+04        1    1.51e-03    2.72e-03
   2  2.033106e+01   -6.17e-01    0.00e+00   3.27e-02  -2.94e-01  5.13e+03        1    3.81e-04    3.12e-03
   3  2.033044e+01   -6.17e-01    0.00e+00   3.27e-02  -2.93e-01  1.28e+03        1    3.69e-04    3.50e-03
   4  2.032672e+01   -6.13e-01    0.00e+00   3.26e-02  -2.92e-01  1.60e+02        1    4.09e-04    3.93e-03
   5  2.029339e+01   -5.80e-01    0.00e+00   3.17e-02  -2.76e-01  1.00e+01        1    4.23e-04    4.36e-03
   6  1.996080e+01   -2.47e-01    0.00e+00   2.04e-02  -1.24e-01  3.13e-01        1    3.83e-04    4.76e-03
   7  1.970869e+01    5.03e-03    6.99e-01   1.55e-03   1.16e-02  1.62e-01        1    1.55e-03    6.34e-03
   8  1.970700e+01    1.69e-03    5.93e-01   6.48e-04   7.08e-03  8.28e-02        1    1.39e-03    7.75e-03
   9  1.970627e+01    7.30e-04    5.30e-01   3.16e-04   5.74e-03  4.21e-02        1    1.43e-03    9.20e-03
  10  1.970592e+01    3.42e-04    4.96e-01   1.60e-04   5.14e-03  2.14e-02        1    1.52e-03    1.07e-02
  11  1.970576e+01    1.68e-04    4.78e-01   8.22e-05   4.88e-03  1.08e-02        1    1.42e-03    1.22e-02
  12  1.970567e+01    8.36e-05    4.68e-01   4.21e-05   4.76e-03  5.50e-03        1    1.35e-03    1.35e-02
  13  1.970563e+01    4.21e-05    4.63e-01   2.15e-05   4.70e-03  2.79e-03        1    1.35e-03    1.49e-02
  14  1.970561e+01    2.12e-05    4.61e-01   1.09e-05   4.67e-03  1.41e-03        1    1.39e-03    1.63e-02
H_my:
   0.9999972 -0.002204493 0.0008441809      48.6619
 0.002329825    0.8641363   -0.5032524      100.612
0.0003799289    0.5032529    0.8641391     149.4448
           0            0            0            1
H_tsai:
  0.9999096 0.005235508 -0.01238188    48.66971
-0.01000708   0.9049005  -0.4255055    98.65133
0.008976631   0.4255909   0.9048711    148.0281
          0           0           0           1
H_park:
    0.9999986 -0.0008890778    0.00140379      48.64329
  0.001472037     0.8659091    -0.5001992      100.5419
-0.0007708382     0.5002006     0.8659092      149.4086
            0             0             0             1
H_houard:
   0.9999972 -0.001082172  0.002110299     48.62957
  0.00199263    0.8659108   -0.5001945     100.5405
-0.001286034    0.5001973    0.8659105     149.4187
           0            0            0            1
H_andreff:
  0.9997819  0.01947383 0.007546288    48.32393
-0.01313043   0.8670866  -0.4979844    100.4513
-0.01624095   0.4977767   0.8671531    149.5941
          0           0           0           1
H_didalas:
  0.9989925  0.03941284  0.02146307    68.10062
-0.01723572   0.7785236  -0.6273787    111.8719
-0.04143628   0.6263766   0.7784185    195.7938
          0           0           0           1
myerror:
1.57136
tsai_error:
1.887885
parkerror:
1.566728
houard_error:
1.566761
andreff_error:
1.543193
didalas_error:
7.682281
