data_number:13
iter      cost      cost_change  |gradient|   |step|    tr_ratio  tr_radius  ls_iter  iter_time  total_time
   0  3.725161e+01    0.00e+00    4.89e-01   0.00e+00   0.00e+00  1.00e+04        0    1.25e-03    1.34e-03
   1  2.673889e-02    3.72e+01    1.25e+00   2.68e-01   9.99e-01  3.00e+04        1    1.89e-03    3.29e-03
   2  6.592745e-03    2.01e-02    2.67e-01   7.28e-03   8.15e-01  3.99e+04        1    2.20e-03    5.52e-03
   3  7.825224e-03   -1.23e-03    0.00e+00   3.43e-03  -4.58e-01  2.00e+04        1    5.37e-04    6.09e-03
   4  7.825040e-03   -1.23e-03    0.00e+00   3.43e-03  -4.58e-01  4.99e+03        1    4.81e-04    6.60e-03
   5  7.823940e-03   -1.23e-03    0.00e+00   3.43e-03  -4.57e-01  6.24e+02        1    3.57e-04    6.97e-03
   6  7.813701e-03   -1.22e-03    0.00e+00   3.42e-03  -4.53e-01  3.90e+01        1    3.96e-04    7.38e-03
   7  7.646352e-03   -1.05e-03    0.00e+00   3.34e-03  -3.91e-01  1.22e+00        1    3.96e-04    7.79e-03
   8  5.778311e-03    8.14e-04    1.22e-01   1.91e-03   3.77e-01  1.20e+00        1    1.41e-03    9.23e-03
   9  5.690974e-03    8.73e-05    7.98e-02   9.55e-04   1.45e-01  8.85e-01        1    1.50e-03    1.07e-02
  10  5.621726e-03    6.92e-05    4.07e-02   5.73e-04   1.89e-01  7.14e-01        1    1.46e-03    1.22e-02
  11  5.610154e-03    1.16e-05    1.44e-02   2.44e-04   5.43e-02  4.18e-01        1    1.43e-03    1.37e-02
  12  5.607210e-03    2.94e-06    6.06e-03   6.34e-05   2.13e-02  2.22e-01        1    1.39e-03    1.51e-02
  13  5.607095e-03    1.15e-07    4.71e-03   5.54e-06   1.30e-03  1.12e-01        1    1.38e-03    1.64e-02
  14  5.607046e-03    4.93e-08    0.00e+00   2.85e-06   9.68e-04  5.58e-02        1    3.60e-04    1.68e-02
  15  5.607061e-03    3.34e-08    4.24e-03   1.87e-06   1.22e-03  2.80e-02        1    1.44e-03    1.83e-02
  16  5.607046e-03    1.55e-08    4.00e-03   9.44e-07   1.08e-03  1.41e-02        1    1.53e-03    1.98e-02
  17  5.607038e-03    7.49e-09    3.87e-03   4.76e-07   1.02e-03  7.05e-03        1    1.45e-03    2.13e-02
H_my:
   0.9999998 -0.000276902 0.0006186848     50.35046
0.0005496869     0.865344   -0.5011781     99.28353
-0.000396598    0.5011784    0.8653439     148.8154
           0            0            0            1
H_tsai:
   0.9999083 0.0004046724  -0.01353527     51.04606
-0.006086808    0.9063136   -0.4225619     97.12427
   0.0120962    0.4226056     0.906233     146.7442
           0            0            0            1
H_park:
    0.9999998 -0.0003060509  0.0006273994      50.34974
 0.0005792786     0.8653437    -0.5011786      99.28381
-0.0003895299     0.5011789     0.8653436      148.8154
            0             0             0             1
H_houard:
            1  5.934505e-05   5.26321e-05      50.37442
-2.498261e-05     0.8653892    -0.5011003      99.27643
-7.528507e-05     0.5011003     0.8653892       148.814
            0             0             0             1
H_andreff:
  0.9999294 6.92121e-05  0.01187911    49.53389
0.005740142   0.8726772  -0.4882638    98.41637
-0.01040042   0.4882975   0.8726152    149.0104
          0           0           0           1
H_didalas:
  0.9966037  -0.0301897 -0.07661418    67.11004
-0.03498244   0.6870366  -0.7257802    105.8795
 0.07454784   0.7259953   0.6836471    211.4126
          0           0           0           1
myerror:
1.507962
tsai_error:
1.753535
parkerror:
1.507944
houard_error:
1.508542
andreff_error:
1.497137
didalas_error:
9.504608
