data_number:13
iter      cost      cost_change  |gradient|   |step|    tr_ratio  tr_radius  ls_iter  iter_time  total_time
   0  5.546132e+01    0.00e+00    1.69e+00   0.00e+00   0.00e+00  1.00e+04        0    1.12e-03    1.20e-03
   1  1.976421e+01    3.57e+01    1.74e+00   2.65e-01   6.48e-01  1.03e+04        1    1.46e-03    2.69e-03
   2  1.988669e+01   -1.22e-01    0.00e+00   1.81e-02  -4.64e-02  5.13e+03        1    3.60e-04    3.07e-03
   3  1.988657e+01   -1.22e-01    0.00e+00   1.81e-02  -4.64e-02  1.28e+03        1    4.50e-04    3.53e-03
   4  1.988585e+01   -1.22e-01    0.00e+00   1.81e-02  -4.61e-02  1.60e+02        1    4.67e-04    4.03e-03
   5  1.987933e+01   -1.15e-01    0.00e+00   1.77e-02  -4.36e-02  1.00e+01        1    6.07e-04    4.65e-03
   6  1.980398e+01   -3.98e-02    0.00e+00   1.33e-02  -1.56e-02  3.13e-01        1    3.70e-04    5.03e-03
   7  1.973854e+01    2.57e-02    1.24e+00   3.04e-03   4.00e-02  1.76e-01        1    1.48e-03    6.53e-03
   8  1.972918e+01    9.36e-03    9.92e-01   1.39e-03   2.74e-02  9.55e-02        1    1.54e-03    8.09e-03
   9  1.972503e+01    4.14e-03    9.80e-01   7.05e-04   2.32e-02  5.11e-02        1    1.63e-03    9.75e-03
  10  1.972305e+01    1.99e-03    9.63e-01   3.68e-04   2.06e-02  2.72e-02        1    1.40e-03    1.12e-02
  11  1.972205e+01    9.95e-04    9.51e-01   1.93e-04   1.93e-02  1.44e-02        1    1.41e-03    1.26e-02
  12  1.972154e+01    5.10e-04    9.44e-01   1.02e-04   1.86e-02  7.60e-03        1    1.36e-03    1.40e-02
  13  1.972128e+01    2.65e-04    9.40e-01   5.36e-05   1.82e-02  4.01e-03        1    1.38e-03    1.54e-02
  14  1.972114e+01    1.39e-04    9.38e-01   2.83e-05   1.81e-02  2.12e-03        1    1.37e-03    1.68e-02
  15  1.972106e+01    7.29e-05    9.36e-01   1.49e-05   1.80e-02  1.12e-03        1    1.41e-03    1.82e-02
  16  1.972103e+01    3.83e-05    9.36e-01   7.86e-06   1.79e-02  5.89e-04        1    1.37e-03    1.96e-02
  17  1.972101e+01    2.02e-05    9.35e-01   4.14e-06   1.79e-02  3.11e-04        1    1.58e-03    2.12e-02
H_my:
  0.9999351  -0.0105077 0.004398284    50.09126
 0.01129641     0.86505  -0.5015584    100.6881
0.001465488   0.5015756   0.8651126    150.5242
          0           0           0           1
H_tsai:
  0.9998934  0.00506853 -0.01369422    50.73102
-0.01041785   0.9047594  -0.4257955     98.7665
 0.01023182   0.4258928   0.9047158     148.243
          0           0           0           1
H_park:
   0.9999992 -0.001239552 0.0001668109     50.32033
 0.001156681    0.8658064   -0.5003778     100.6943
0.0004758184    0.5003776    0.8658071     150.4507
           0            0            0            1
H_houard:
   0.9999991 -0.001224231 0.0006009388     50.30945
  0.00136062    0.8656713   -0.5006109     100.7016
9.264807e-05    0.5006113    0.8656722     150.4602
           0            0            0            1
H_andreff:
   0.9997144 -0.007118354   0.02281307     49.21888
  0.01763089    0.8641107   -0.5029929     101.6156
 -0.01613253    0.5032515    0.8639894      150.135
           0            0            0            1
H_didalas:
   0.9993234   0.03561129 -0.009201197     65.57576
  -0.0333211    0.7706168    -0.636427     105.8556
 -0.01557339     0.636303     0.771282     188.8271
           0            0            0            1
myerror:
1.341862
tsai_error:
1.724727
parkerror:
1.350002
houard_error:
1.348947
andreff_error:
1.330973
didalas_error:
6.093786
