data_number:13
iter      cost      cost_change  |gradient|   |step|    tr_ratio  tr_radius  ls_iter  iter_time  total_time
   0  5.554617e+01    0.00e+00    1.58e+00   0.00e+00   0.00e+00  1.00e+04        0    1.12e-03    1.18e-03
   1  1.969831e+01    3.58e+01    1.66e+00   2.68e-01   6.49e-01  1.03e+04        1    1.56e-03    2.78e-03
   2  1.966194e+01    3.64e-02    8.29e-01   1.25e-02   5.95e-02  6.10e+03        1    1.39e-03    4.20e-03
   3  1.970201e+01   -4.01e-02    0.00e+00   1.27e-02  -6.07e-02  3.05e+03        1    3.61e-04    4.58e-03
   4  1.970195e+01   -4.00e-02    0.00e+00   1.27e-02  -6.06e-02  7.63e+02        1    4.62e-04    5.05e-03
   5  1.970163e+01   -3.97e-02    0.00e+00   1.27e-02  -6.01e-02  9.53e+01        1    5.55e-04    5.63e-03
   6  1.969871e+01   -3.68e-02    0.00e+00   1.24e-02  -5.57e-02  5.96e+00        1    4.31e-04    6.08e-03
   7  1.966940e+01   -7.46e-03    0.00e+00   9.08e-03  -1.16e-02  1.86e-01        1    3.99e-04    6.50e-03
   8  1.965631e+01    5.63e-03    7.06e-01   1.38e-03   2.86e-02  1.01e-01        1    1.45e-03    7.95e-03
   9  1.965439e+01    1.92e-03    6.22e-01   6.22e-04   1.59e-02  5.31e-02        1    1.43e-03    9.39e-03
  10  1.965362e+01    7.71e-04    5.78e-01   2.91e-04   1.12e-02  2.75e-02        1    1.44e-03    1.08e-02
  11  1.965327e+01    3.46e-04    5.55e-01   1.41e-04   9.31e-03  1.41e-02        1    1.39e-03    1.22e-02
  12  1.965311e+01    1.65e-04    5.43e-01   6.98e-05   8.45e-03  7.24e-03        1    1.40e-03    1.37e-02
  13  1.965302e+01    8.17e-05    5.37e-01   3.52e-05   8.03e-03  3.71e-03        1    1.45e-03    1.51e-02
  14  1.965298e+01    4.11e-05    5.33e-01   1.78e-05   7.83e-03  1.90e-03        1    1.38e-03    1.65e-02
  15  1.965296e+01    2.08e-05    5.32e-01   9.09e-06   7.73e-03  9.71e-04        1    1.38e-03    1.79e-02
H_my:
   0.9999944 0.0002734978   0.00334995     48.04874
 0.001439597    0.8657822    -0.500419      99.9601
 -0.00303719     0.500421    0.8657769     152.0169
           0            0            0            1
H_tsai:
  0.9998639 0.005943013 -0.01538945    48.32749
 -0.0119343   0.9046274  -0.4260362    98.41706
 0.01138978   0.4261619   0.9045752    152.5587
          0           0           0           1
H_park:
     0.999999 -0.0004020444  -0.001386848       48.1236
 -0.000347212     0.8653225    -0.5012153      99.96417
  0.001401582     0.5012153     0.8653215      152.0265
            0             0             0             1
H_houard:
     0.999999 -0.0002095824  -0.001424239      48.12317
-0.0005320054     0.8655057    -0.5008988      99.95534
  0.001337667      0.500899     0.8655047      152.0297
            0             0             0             1
H_andreff:
    0.999828 -0.002352879  -0.01839702      48.0248
-0.007398741    0.8589775   -0.5119599     99.70917
  0.01700721     0.512008    0.8588123     152.7376
           0            0            0            1
H_didalas:
   0.9976693 -0.008208819  -0.06773933     72.58749
 -0.03400462    0.8008688   -0.5978736     121.2299
  0.05915816    0.5987835    0.7987231     223.7257
           0            0            0            1
myerror:
1.27236
tsai_error:
1.735131
parkerror:
1.26044
houard_error:
1.2611
andreff_error:
1.23664
didalas_error:
12.00488
