data_number:13
iter      cost      cost_change  |gradient|   |step|    tr_ratio  tr_radius  ls_iter  iter_time  total_time
   0  3.727934e+01    0.00e+00    5.08e-01   0.00e+00   0.00e+00  1.00e+04        0    1.22e-03    1.31e-03
   1  2.646443e-02    3.73e+01    1.24e+00   2.68e-01   9.99e-01  3.00e+04        1    1.64e-03    2.99e-03
   2  5.696447e-03    2.08e-02    2.46e-01   7.20e-03   8.39e-01  4.36e+04        1    1.59e-03    4.60e-03
   3  6.324765e-03   -6.28e-04    0.00e+00   2.76e-03  -3.37e-01  2.18e+04        1    3.78e-04    5.01e-03
   4  6.324660e-03   -6.28e-04    0.00e+00   2.76e-03  -3.37e-01  5.45e+03        1    3.57e-04    5.38e-03
   5  6.324031e-03   -6.28e-04    0.00e+00   2.76e-03  -3.37e-01  6.81e+02        1    3.57e-04    5.75e-03
   6  6.318177e-03   -6.22e-04    0.00e+00   2.76e-03  -3.34e-01  4.26e+01        1    3.56e-04    6.12e-03
   7  6.222075e-03   -5.26e-04    0.00e+00   2.70e-03  -2.82e-01  1.33e+00        1    3.96e-04    6.54e-03
   8  5.074136e-03    6.22e-04    1.25e-01   1.64e-03   4.00e-01  1.32e+00        1    1.46e-03    8.02e-03
   9  5.007706e-03    6.64e-05    7.31e-02   7.52e-04   1.90e-01  1.07e+00        1    1.51e-03    9.55e-03
  10  4.986401e-03    2.13e-05    5.79e-02   5.38e-04   8.60e-02  6.80e-01        1    1.43e-03    1.10e-02
  11  4.959243e-03    2.72e-05    1.57e-02   3.13e-04   1.98e-01  5.58e-01        1    1.39e-03    1.24e-02
  12  4.955618e-03    3.62e-06    6.01e-03   1.00e-04   4.44e-02  3.18e-01        1    1.45e-03    1.39e-02
  13  4.955346e-03    2.72e-07    2.22e-03   1.62e-05   5.26e-03  1.61e-01        1    1.42e-03    1.53e-02
  14  4.955317e-03    2.90e-08    0.00e+00   2.74e-06   8.99e-04  8.07e-02        1    4.02e-04    1.57e-02
  15  4.955324e-03    2.23e-08    1.81e-03   1.95e-06   1.23e-03  4.05e-02        1    1.45e-03    1.72e-02
  16  4.955315e-03    9.40e-09    0.00e+00   9.46e-07   9.68e-04  2.02e-02        1    3.77e-04    1.76e-02
  17  4.955319e-03    5.34e-09    1.71e-03   5.25e-07   1.06e-03  1.02e-02        1    1.48e-03    1.90e-02
H_my:
   0.9999946 -0.002074322 -0.002565785     49.27282
0.0005083752    0.8652342   -0.5013677      100.131
 0.003260003    0.5013637    0.8652305     149.0693
           0            0            0            1
H_tsai:
  0.9998523 0.004222495 -0.01665708    49.41598
-0.01092742   0.9043365  -0.4266802    98.79352
 0.01326195   0.4267992   0.9042492     148.142
          0           0           0           1
H_park:
   0.9999946  -0.00206703 -0.002554119     49.27239
0.0005079571    0.8652407   -0.5013565     100.1307
 0.003246247    0.5013525     0.865237     149.0693
           0            0            0            1
H_houard:
   0.9999945 -0.001925904 -0.002687705     49.27592
0.0003180819    0.8651201   -0.5015647     100.1355
 0.003291153    0.5015611     0.865116     149.0719
           0            0            0            1
H_andreff:
   0.9999831 0.0002050571 -0.005805482     49.93201
-0.003110727    0.8629162   -0.5053375      100.229
 0.004906021    0.5053471    0.8629022     150.8719
           0            0            0            1
H_didalas:
  0.9972764   0.0111804  -0.0729029    84.60531
-0.05588349   0.7596183  -0.6479638     125.486
 0.04813388   0.6502731   0.7581742    242.4196
          0           0           0           1
myerror:
1.485981
tsai_error:
1.862013
parkerror:
1.485982
houard_error:
1.485757
andreff_error:
1.50986
didalas_error:
15.33847
