data_number:14
iter      cost      cost_change  |gradient|   |step|    tr_ratio  tr_radius  ls_iter  iter_time  total_time
   0  4.295541e+01    0.00e+00    9.18e-01   0.00e+00   0.00e+00  1.00e+04        0    1.50e-03    1.58e-03
   1  3.040957e-02    4.29e+01    1.24e+00   2.67e-01   9.99e-01  3.00e+04        1    1.70e-03    3.35e-03
   2  6.569137e-03    2.38e-02    2.77e-01   7.08e-03   8.48e-01  4.53e+04        1    1.84e-03    5.22e-03
   3  7.285937e-03   -7.17e-04    0.00e+00   2.34e-03  -4.52e-01  2.26e+04        1    5.21e-04    5.77e-03
   4  7.285822e-03   -7.17e-04    0.00e+00   2.34e-03  -4.52e-01  5.66e+03        1    4.00e-04    6.19e-03
   5  7.285130e-03   -7.16e-04    0.00e+00   2.34e-03  -4.52e-01  7.08e+02        1    4.60e-04    6.66e-03
   6  7.278689e-03   -7.10e-04    0.00e+00   2.34e-03  -4.48e-01  4.42e+01        1    4.44e-04    7.12e-03
   7  7.173803e-03   -6.05e-04    0.00e+00   2.28e-03  -3.82e-01  1.38e+00        1    3.96e-04    7.53e-03
   8  6.061660e-03    5.07e-04    1.05e-01   1.29e-03   4.05e-01  1.37e+00        1    1.60e-03    9.14e-03
   9  6.037671e-03    2.40e-05    6.94e-02   6.49e-04   8.32e-02  8.69e-01        1    1.58e-03    1.07e-02
  10  6.004231e-03    3.34e-05    4.24e-02   5.10e-04   1.32e-01  6.21e-01        1    1.69e-03    1.24e-02
  11  5.980584e-03    2.36e-05    1.74e-02   2.74e-04   2.07e-01  5.16e-01        1    1.91e-03    1.44e-02
  12  5.977513e-03    3.07e-06    4.60e-03   8.99e-05   4.42e-02  2.94e-01        1    1.63e-03    1.60e-02
  13  5.977345e-03    1.68e-07    2.63e-03   1.34e-05   3.97e-03  1.49e-01        1    1.63e-03    1.77e-02
  14  5.977325e-03    1.93e-08    0.00e+00   2.03e-06   7.57e-04  7.43e-02        1    4.15e-04    1.81e-02
  15  5.977330e-03    1.46e-08    2.21e-03   1.39e-06   1.04e-03  3.73e-02        1    1.80e-03    1.99e-02
  16  5.977324e-03    6.20e-09    0.00e+00   6.70e-07   8.34e-04  1.86e-02        1    4.01e-04    2.03e-02
H_my:
    0.9999973  -0.002155569 -0.0009158706      51.31624
  0.001408753         0.866    -0.5000419      99.89181
  0.001871019     0.5000393     0.8660007      150.9931
            0             0             0             1
H_tsai:
  0.9998928 0.005370835 -0.01362402    51.79508
-0.01063425   0.9059072  -0.4233428    97.51582
 0.01006839   0.4234423   0.9058671    151.5276
          0           0           0           1
H_park:
    0.9999973  -0.002157069 -0.0009115736      51.31616
  0.001412227      0.866007    -0.5000298      99.89143
  0.001868028     0.5000271     0.8660077      150.9931
            0             0             0             1
H_houard:
    0.9999965  -0.002574719 -0.0005796946      51.31016
  0.001939757      0.865976    -0.5000818      99.89272
  0.001789572      0.500079      0.865978      150.9879
            0             0             0             1
H_andreff:
   0.9999959 -0.002619213 -0.001158954     51.47996
 0.001660647    0.8598954   -0.5104676     100.2844
 0.002333603    0.5104636    0.8598962     149.4316
           0            0            0            1
H_didalas:
  0.9966183  0.03915198 -0.07224358     79.5216
-0.07483413   0.7955971  -0.6011864    119.7099
 0.03393915   0.6045596   0.7958366    223.8324
          0           0           0           1
myerror:
1.11034
tsai_error:
1.590954
parkerror:
1.110365
houard_error:
1.110464
andreff_error:
1.122036
didalas_error:
11.06709
