data_number:14
iter      cost      cost_change  |gradient|   |step|    tr_ratio  tr_radius  ls_iter  iter_time  total_time
   0  6.127024e+01    0.00e+00    1.78e+00   0.00e+00   0.00e+00  1.00e+04        0    1.31e-03    1.38e-03
   1  1.969494e+01    4.16e+01    1.77e+00   2.68e-01   6.84e-01  1.05e+04        1    1.69e-03    3.12e-03
   2  1.964849e+01    4.65e-02    6.43e-01   1.11e-02   5.99e-02  6.26e+03        1    1.77e-03    4.91e-03
   3  1.969338e+01   -4.49e-02    0.00e+00   1.10e-02  -8.08e-02  3.13e+03        1    4.91e-04    5.42e-03
   4  1.969335e+01   -4.49e-02    0.00e+00   1.10e-02  -8.07e-02  7.82e+02        1    4.25e-04    5.86e-03
   5  1.969313e+01   -4.46e-02    0.00e+00   1.10e-02  -8.03e-02  9.78e+01        1    4.45e-04    6.32e-03
   6  1.969113e+01   -4.26e-02    0.00e+00   1.08e-02  -7.67e-02  6.11e+00        1    5.16e-04    6.85e-03
   7  1.966836e+01   -1.99e-02    0.00e+00   8.32e-03  -3.64e-02  1.91e-01        1    4.39e-04    7.30e-03
   8  1.964551e+01    2.98e-03    4.36e-01   1.09e-03   1.68e-02  1.00e-01        1    1.62e-03    8.93e-03
   9  1.964468e+01    8.32e-04    3.43e-01   4.28e-04   7.74e-03  5.14e-02        1    1.61e-03    1.06e-02
  10  1.964436e+01    3.16e-04    3.01e-01   1.95e-04   5.25e-03  2.61e-02        1    1.65e-03    1.22e-02
  11  1.964422e+01    1.37e-04    2.80e-01   9.34e-05   4.26e-03  1.32e-02        1    1.79e-03    1.40e-02
  12  1.964416e+01    6.38e-05    2.70e-01   4.58e-05   3.83e-03  6.68e-03        1    1.85e-03    1.59e-02
  13  1.964413e+01    3.09e-05    2.65e-01   2.28e-05   3.62e-03  3.38e-03        1    1.61e-03    1.75e-02
H_my:
   0.9999942  0.001421021  -0.00310068     48.09152
-0.002781555    0.8658778   -0.5002479     98.87394
 0.001973947    0.5002536    0.8658767     150.1234
           0            0            0            1
H_tsai:
   0.999876 0.008140546 -0.01348315    48.44222
 -0.0130857   0.9057898  -0.4235253    97.29294
0.008765173   0.4236492   0.9057839    149.3783
          0           0           0           1
H_park:
    0.9999994  0.0006757265 -0.0008037317      48.03983
-0.0009870123     0.8660947     -0.499879       98.8876
 0.0003583262     0.4998795     0.8660949      150.0943
            0             0             0             1
H_houard:
    0.9999995  0.0004650363 -0.0008518381      48.04069
-0.0008288161      0.865863    -0.5002805      98.89708
 0.0005049266     0.5002809      0.865863      150.1034
            0             0             0             1
H_andreff:
    0.999976 -0.004108487 -0.005581711     47.81924
0.0008022111    0.8685547   -0.4955926     97.99516
 0.006884157    0.4955762    0.8685372     151.0577
           0            0            0            1
H_didalas:
   0.9257595   -0.2685091   -0.2662185     51.71018
-0.005800474    0.6939035   -0.7200446     110.9009
   0.3780685    0.6681323    0.6408303     250.8888
           0            0            0            1
myerror:
1.327806
tsai_error:
1.687301
parkerror:
1.3281
houard_error:
1.328117
andreff_error:
1.333871
didalas_error:
13.44603
