data_number:14
iter      cost      cost_change  |gradient|   |step|    tr_ratio  tr_radius  ls_iter  iter_time  total_time
   0  4.303591e+01    0.00e+00    8.64e-01   0.00e+00   0.00e+00  1.00e+04        0    1.30e-03    1.35e-03
   1  2.991866e-02    4.30e+01    1.25e+00   2.67e-01   9.99e-01  3.00e+04        1    1.67e-03    3.06e-03
   2  5.936409e-03    2.40e-02    2.46e-01   7.03e-03   8.60e-01  4.79e+04        1    1.74e-03    4.82e-03
   3  6.680071e-03   -7.44e-04    0.00e+00   2.38e-03  -4.69e-01  2.40e+04        1    4.31e-04    5.28e-03
   4  6.679983e-03   -7.44e-04    0.00e+00   2.38e-03  -4.69e-01  5.99e+03        1    4.35e-04    5.73e-03
   5  6.679455e-03   -7.43e-04    0.00e+00   2.38e-03  -4.69e-01  7.49e+02        1    4.12e-04    6.16e-03
   6  6.674543e-03   -7.38e-04    0.00e+00   2.38e-03  -4.65e-01  4.68e+01        1    4.23e-04    6.59e-03
   7  6.593383e-03   -6.57e-04    0.00e+00   2.34e-03  -4.14e-01  1.46e+00        1    4.15e-04    7.02e-03
   8  5.489550e-03    4.47e-04    1.62e-01   1.49e-03   3.27e-01  1.40e+00        1    1.99e-03    9.03e-03
   9  5.530424e-03   -4.09e-05    0.00e+00   1.11e-03  -6.96e-02  7.02e-01        1    4.63e-04    9.52e-03
  10  5.350211e-03    1.39e-04    8.31e-02   7.92e-04   2.95e-01  6.57e-01        1    1.68e-03    1.12e-02
  11  5.308652e-03    4.16e-05    3.14e-02   3.72e-04   2.91e-01  6.12e-01        1    1.67e-03    1.29e-02
  12  5.303067e-03    5.58e-06    1.27e-02   1.42e-04   1.13e-01  4.18e-01        1    1.64e-03    1.46e-02
  13  5.302013e-03    1.05e-06    1.88e-03   4.71e-05   3.39e-02  2.31e-01        1    1.61e-03    1.62e-02
  14  5.301989e-03    2.38e-08    1.00e-03   3.39e-06   1.19e-03  1.16e-01        1    1.65e-03    1.78e-02
H_my:
    0.9999995   0.001041168 -6.856534e-05      49.36091
-0.0009358571     0.8659131    -0.5001937      101.1299
-0.0004614138     0.5001935     0.8659136      148.0026
            0             0             0             1
H_tsai:
   0.999886  0.00866233  -0.0123701    49.17866
-0.01308357   0.9059707  -0.4231382    99.64924
0.007541587   0.4232518   0.9059807    146.7835
          0           0           0           1
H_park:
    0.9999995   0.001034312 -6.898703e-05      49.36093
-0.0009301343     0.8659155    -0.5001894      101.1299
-0.0004576152     0.5001892      0.865916      148.0025
            0             0             0             1
H_houard:
    0.9999995  0.0008935303  0.0004343462      49.34913
-0.0005567479     0.8660866    -0.4998937        101.12
-0.0008228516     0.4998932     0.8660866      147.9999
            0             0             0             1
H_andreff:
   0.9998516   -0.0164632 -0.005081574     49.34629
  0.01150746    0.8575918   -0.5142022     101.5707
  0.01282333    0.5140674    0.8576539     147.4924
           0            0            0            1
H_didalas:
 0.9838892 -0.1366877 -0.1152327   67.72013
0.03116232  0.7658055 -0.6423167   123.0792
 0.1760427  0.6283776  0.7577273   228.8758
         0          0          0          1
myerror:
1.321576
tsai_error:
1.719975
parkerror:
1.32157
houard_error:
1.321937
andreff_error:
1.298585
didalas_error:
11.54118
