data_number:14
iter      cost      cost_change  |gradient|   |step|    tr_ratio  tr_radius  ls_iter  iter_time  total_time
   0  4.255758e+01    0.00e+00    9.94e-01   0.00e+00   0.00e+00  1.00e+04        0    1.31e-03    1.37e-03
   1  2.805766e-02    4.25e+01    1.26e+00   2.66e-01   9.99e-01  3.00e+04        1    1.68e-03    3.09e-03
   2  4.966488e-03    2.31e-02    2.00e-01   6.73e-03   8.75e-01  5.18e+04        1    1.61e-03    4.72e-03
   3  5.443965e-03   -4.77e-04    0.00e+00   2.01e-03  -2.08e-01  2.59e+04        1    4.18e-04    5.16e-03
   4  5.443907e-03   -4.77e-04    0.00e+00   2.01e-03  -2.08e-01  6.47e+03        1    4.19e-04    5.59e-03
   5  5.443556e-03   -4.77e-04    0.00e+00   2.01e-03  -2.07e-01  8.09e+02        1    4.16e-04    6.02e-03
   6  5.440296e-03   -4.74e-04    0.00e+00   2.01e-03  -2.06e-01  5.06e+01        1    4.38e-04    6.47e-03
   7  5.386506e-03   -4.20e-04    0.00e+00   1.97e-03  -1.83e-01  1.58e+00        1    3.99e-04    6.88e-03
   8  4.654609e-03    3.12e-04    1.20e-01   1.28e-03   1.56e-01  1.19e+00        1    1.64e-03    8.54e-03
   9  4.537233e-03    1.17e-04    5.07e-02   6.89e-04   9.09e-02  7.70e-01        1    1.67e-03    1.02e-02
  10  4.510011e-03    2.72e-05    2.40e-02   2.88e-04   2.78e-02  4.18e-01        1    1.65e-03    1.19e-02
  11  4.506395e-03    3.62e-06    8.06e-03   6.23e-05   5.44e-03  2.12e-01        1    1.61e-03    1.35e-02
  12  4.506093e-03    3.02e-07    0.00e+00   9.08e-06   7.10e-04  1.06e-01        1    3.98e-04    1.39e-02
  13  4.506153e-03    2.42e-07    0.00e+00   6.72e-06   9.89e-04  2.65e-02        1    4.07e-04    1.43e-02
  14  4.506308e-03    8.63e-08    7.53e-03   2.22e-06   1.26e-03  1.33e-02        1    1.58e-03    1.59e-02
  15  4.506268e-03    4.05e-08    7.27e-03   1.09e-06   1.15e-03  6.69e-03        1    1.58e-03    1.75e-02
  16  4.506248e-03    1.97e-08    7.15e-03   5.43e-07   1.10e-03  3.35e-03        1    1.67e-03    1.92e-02
  17  4.506238e-03    9.72e-09    7.08e-03   2.71e-07   1.08e-03  1.68e-03        1    1.67e-03    2.09e-02
  18  4.506234e-03    4.83e-09    7.05e-03   1.36e-07   1.07e-03  8.44e-04        1    1.69e-03    2.26e-02
H_my:
    0.9999974 -0.0006522109   0.002198332      50.81717
  0.001660028     0.8672785    -0.4978204      99.35842
 -0.001581882     0.4978228     0.8672773      151.7941
            0             0             0             1
H_tsai:
  0.9999109 0.007472381 -0.01105728    51.27444
-0.01143513   0.9068887  -0.4212151     96.9434
0.006880245    0.421304   0.9068934    151.8793
          0           0           0           1
H_park:
    0.9999974 -0.0007106326   0.002181165      50.81803
  0.001702186     0.8672667    -0.4978409       99.3591
  -0.00153787     0.4978433     0.8672656      151.7943
            0             0             0             1
H_houard:
    0.9999977 -0.0004665606   0.002073049      50.81815
  0.001436518     0.8673202    -0.4977486      99.35555
 -0.001565768     0.4977505     0.8673189      151.7922
            0             0             0             1
H_andreff:
   0.9999818 -0.005907504  0.001184179      50.7714
 0.005719966    0.8690873   -0.4946257     98.55127
 0.001892848    0.4946235    0.8691053     153.6695
           0            0            0            1
H_didalas:
    0.99577 -0.07416668 -0.05423501     68.8069
 0.02563435   0.7910886  -0.6111643    119.1937
 0.08823272   0.6071887   0.7896435     223.282
          0           0           0           1
myerror:
1.430425
tsai_error:
1.731494
parkerror:
1.430381
houard_error:
1.430527
andreff_error:
1.456243
didalas_error:
10.64189
