data_number:14
iter      cost      cost_change  |gradient|   |step|    tr_ratio  tr_radius  ls_iter  iter_time  total_time
   0  4.322549e+01    0.00e+00    7.88e-01   0.00e+00   0.00e+00  1.00e+04        0    1.29e-03    1.35e-03
   1  3.047161e-02    4.32e+01    1.25e+00   2.68e-01   9.99e-01  3.00e+04        1    1.90e-03    3.31e-03
   2  6.142296e-03    2.43e-02    2.52e-01   7.12e-03   8.50e-01  4.56e+04        1    2.25e-03    5.59e-03
   3  7.207446e-03   -1.07e-03    0.00e+00   2.70e-03  -4.94e-01  2.28e+04        1    6.00e-04    6.23e-03
   4  7.207313e-03   -1.07e-03    0.00e+00   2.70e-03  -4.94e-01  5.70e+03        1    4.55e-04    6.71e-03
   5  7.206514e-03   -1.06e-03    0.00e+00   2.70e-03  -4.94e-01  7.13e+02        1    4.19e-04    7.14e-03
   6  7.199076e-03   -1.06e-03    0.00e+00   2.69e-03  -4.90e-01  4.45e+01        1    4.18e-04    7.57e-03
   7  7.077533e-03   -9.35e-04    0.00e+00   2.63e-03  -4.34e-01  1.39e+00        1    4.20e-04    8.00e-03
   8  5.651966e-03    4.90e-04    1.37e-01   1.59e-03   2.66e-01  1.26e+00        1    1.63e-03    9.65e-03
   9  5.565161e-03    8.68e-05    1.06e-01   1.03e-03   9.69e-02  8.29e-01        1    1.60e-03    1.13e-02
  10  5.458264e-03    1.07e-04    2.48e-02   5.74e-04   1.65e-01  6.37e-01        1    1.61e-03    1.29e-02
  11  5.448464e-03    9.80e-06    1.20e-02   1.81e-04   2.61e-02  3.44e-01        1    1.66e-03    1.46e-02
  12  5.447381e-03    1.08e-06    4.33e-03   2.98e-05   4.17e-03  1.74e-01        1    1.87e-03    1.65e-02
  13  5.447281e-03    9.98e-08    0.00e+00   5.43e-06   6.39e-04  8.71e-02        1    4.27e-04    1.69e-02
  14  5.447308e-03    7.31e-08    0.00e+00   3.74e-06   8.42e-04  2.18e-02        1    4.17e-04    1.73e-02
  15  5.447356e-03    2.50e-08    4.04e-03   1.18e-06   1.06e-03  1.09e-02        1    2.14e-03    1.95e-02
  16  5.447345e-03    1.16e-08    0.00e+00   5.74e-07   9.60e-04  5.46e-03        1    6.02e-04    2.01e-02
  17  5.447350e-03    5.95e-09    0.00e+00   2.93e-07   9.80e-04  1.37e-03        1    5.42e-04    2.07e-02
H_my:
    0.9999988 -0.0004764879   0.001483893      49.23298
  0.001156213     0.8652516    -0.5013365       102.846
  -0.00104506     0.5013376     0.8652511      147.2265
            0             0             0             1
H_tsai:
  0.9999123 0.007137686  -0.0111568    49.27459
-0.01119792   0.9054358  -0.4243354    99.74234
0.007072994   0.4244231   0.9054364    146.9665
          0           0           0           1
H_park:
    0.9999988 -0.0004759712   0.001454765      49.23381
   0.00114118     0.8652431    -0.5013513      102.8462
 -0.001020096     0.5013524     0.8652426      147.2268
            0             0             0             1
H_houard:
    0.9999975 -0.0007237129   0.002092731      49.21996
  0.001675294     0.8652734    -0.5012975      102.8554
 -0.001447989     0.5012997     0.8652725      147.2231
            0             0             0             1
H_andreff:
   0.9998599 -0.008141311   0.01462486     50.47196
  0.01441527     0.862895   -0.5051776     103.7276
-0.008506915    0.5053176    0.8628915     146.1093
           0            0            0            1
H_didalas:
 0.9372689 -0.3043893  -0.169924    59.6536
 0.1016039  0.7047979 -0.7020944   129.1514
 0.3334721  0.6407863  0.6915123   248.5835
         0          0          0          1
myerror:
1.20495
tsai_error:
1.583877
parkerror:
1.204994
houard_error:
1.20382
andreff_error:
1.223499
didalas_error:
13.91376
