data_number:14
iter      cost      cost_change  |gradient|   |step|    tr_ratio  tr_radius  ls_iter  iter_time  total_time
   0  4.274206e+01    0.00e+00    9.67e-01   0.00e+00   0.00e+00  1.00e+04        0    1.27e-03    1.33e-03
   1  3.000642e-02    4.27e+01    1.25e+00   2.66e-01   9.99e-01  3.00e+04        1    1.75e-03    3.13e-03
   2  6.382879e-03    2.36e-02    2.82e-01   7.11e-03   8.41e-01  4.39e+04        1    1.81e-03    4.96e-03
   3  7.900870e-03   -1.52e-03    0.00e+00   2.80e-03  -7.20e-01  2.20e+04        1    4.35e-04    5.43e-03
   4  7.900702e-03   -1.52e-03    0.00e+00   2.80e-03  -7.20e-01  5.49e+03        1    5.81e-04    6.03e-03
   5  7.899694e-03   -1.52e-03    0.00e+00   2.80e-03  -7.19e-01  6.86e+02        1    6.31e-04    6.69e-03
   6  7.890316e-03   -1.51e-03    0.00e+00   2.79e-03  -7.15e-01  4.29e+01        1    5.41e-04    7.26e-03
   7  7.736928e-03   -1.35e-03    0.00e+00   2.73e-03  -6.43e-01  1.34e+00        1    4.61e-04    7.74e-03
   8  5.945053e-03    4.38e-04    1.79e-01   1.59e-03   2.53e-01  1.20e+00        1    1.72e-03    9.47e-03
   9  5.843041e-03    1.02e-04    1.08e-01   1.03e-03   1.33e-01  8.56e-01        1    2.01e-03    1.15e-02
  10  5.744474e-03    9.86e-05    6.69e-02   6.73e-04   1.92e-01  6.94e-01        1    1.70e-03    1.32e-02
  11  5.716219e-03    2.83e-05    2.64e-02   3.29e-04   1.19e-01  4.81e-01        1    1.64e-03    1.49e-02
  12  5.709211e-03    7.01e-06    6.58e-03   1.09e-04   4.44e-02  2.74e-01        1    1.66e-03    1.66e-02
  13  5.709003e-03    2.08e-07    4.31e-03   9.73e-06   2.09e-03  1.38e-01        1    1.60e-03    1.82e-02
  14  5.708918e-03    8.47e-08    3.65e-03   3.99e-06   1.43e-03  6.91e-02        1    1.61e-03    1.98e-02
  15  5.708878e-03    4.02e-08    3.23e-03   2.22e-06   1.24e-03  3.47e-02        1    1.63e-03    2.14e-02
  16  5.708859e-03    1.92e-08    2.99e-03   1.18e-06   1.12e-03  1.74e-02        1    1.60e-03    2.31e-02
  17  5.708850e-03    9.34e-09    2.87e-03   6.09e-07   1.06e-03  8.73e-03        1    1.70e-03    2.48e-02
H_my:
    0.9999987 -5.257515e-05    0.00158515      51.20569
 0.0008361216     0.8667612    -0.4987227      100.3337
 -0.001347727     0.4987234     0.8667602      149.4912
            0             0             0             1
H_tsai:
  0.9999181 0.007218621 -0.01057151    51.86713
-0.01100933   0.9063115  -0.4224669     98.0157
0.006531448   0.4225487   0.9063167    148.6683
          0           0           0           1
H_park:
    0.9999988 -3.357792e-05   0.001572018      51.20616
 0.0008130851      0.866769    -0.4987092      100.3329
 -0.001345831     0.4987099     0.8667679      149.4909
            0             0             0             1
H_houard:
    0.9999961 -0.0006957077    0.00268987      51.16688
  0.001945513     0.8665093    -0.4991572      100.3689
 -0.001983529     0.4991605     0.8665073      149.4934
            0             0             0             1
H_andreff:
  0.9996968 -0.01174677  0.02164152    50.86322
 0.02097317   0.8667003  -0.4983882    100.8194
-0.01290226    0.498691   0.8666838    148.1899
          0           0           0           1
H_didalas:
 0.9280683 -0.2831935 -0.2418486   52.37051
0.01535455  0.6779601 -0.7349383   106.5223
 0.3720934  0.6783595  0.6335416   247.3904
         0          0          0          1
myerror:
1.427051
tsai_error:
1.784979
parkerror:
1.427095
houard_error:
1.424471
andreff_error:
1.412736
didalas_error:
13.14419
