data_number:15
iter      cost      cost_change  |gradient|   |step|    tr_ratio  tr_radius  ls_iter  iter_time  total_time
   0  4.797965e+01    0.00e+00    1.21e+00   0.00e+00   0.00e+00  1.00e+04        0    1.50e-03    1.59e-03
   1  3.962034e+01    8.36e+00    1.78e+00   9.07e-01   1.74e-01  7.83e+03        1    1.92e-03    3.55e-03
   2  3.970015e+01   -7.98e-02    0.00e+00   1.20e-02  -2.01e-03  3.92e+03        1    6.48e-04    4.23e-03
   3  3.970482e+01   -8.45e-02    0.00e+00   1.23e-02  -2.13e-03  9.79e+02        1    6.76e-04    4.92e-03
   4  3.973561e+01   -1.15e-01    0.00e+00   1.40e-02  -2.91e-03  1.22e+02        1    7.30e-04    5.68e-03
   5  4.023770e+01   -6.17e-01    0.00e+00   3.10e-02  -1.56e-02  7.65e+00        1    6.82e-04    6.38e-03
   6  7.168069e+01   -3.21e+01    0.00e+00   2.24e-01  -8.24e-01  2.39e-01        1    5.03e-04    6.90e-03
   7  5.564168e+01   -1.60e+01    0.00e+00   1.59e-01  -9.49e-01  3.74e-03        1    4.86e-04    7.40e-03
   8  3.962479e+01   -4.45e-03    0.00e+00   3.14e-03  -1.07e-02  2.92e-05        1    4.64e-04    7.88e-03
H_my:
    0.9999983   0.001468783   0.001158364      49.15996
-0.0006675799     0.8586914    -0.5124925      98.30286
 -0.001747417     0.5124908     0.8586909      150.5025
            0             0             0             1
H_tsai:
  0.9998941  0.00918432 -0.01128853    49.88303
-0.01316927   0.9011484  -0.4333107    96.04333
0.006192978   0.4334135   0.9011739    150.6059
          0           0           0           1
H_park:
    0.9999983   0.001864614  4.399443e-05      49.24537
 -0.001590946     0.8650655    -0.5016565      97.98733
-0.0009734536     0.5016555     0.8650669      150.4931
            0             0             0             1
H_houard:
     0.999999   0.001345684  0.0005354079      49.23613
-0.0008960805     0.8653151    -0.5012276      97.97289
  -0.00113779     0.5012265     0.8653154      150.4897
            0             0             0             1
H_andreff:
   0.9996958 -0.008312318  -0.02322065     49.67148
-0.004437482    0.8655109   -0.5008704     98.22556
  0.02426112     0.500821    0.8652108      147.847
           0            0            0            1
H_didalas:
  0.9925534 -0.04927381  -0.1113993    64.86546
-0.02112292   0.8310534  -0.5557914    114.1697
  0.1199648   0.5540058   0.8238241    203.7557
          0           0           0           1
myerror:
1.236911
tsai_error:
1.423828
parkerror:
1.229788
houard_error:
1.230111
andreff_error:
1.259081
didalas_error:
7.342213
