data_number:15
iter      cost      cost_change  |gradient|   |step|    tr_ratio  tr_radius  ls_iter  iter_time  total_time
   0  6.622387e+01    0.00e+00    8.87e-01   0.00e+00   0.00e+00  1.00e+04        0    1.46e-03    1.55e-03
   1  5.563653e+01    1.06e+01    4.77e-01   9.05e-01   1.61e-01  7.62e+03        1    1.90e-03    3.49e-03
   2  6.490323e+01   -9.27e+00    0.00e+00   1.41e-01  -1.71e-01  3.81e+03        1    5.53e-04    4.06e-03
   3  6.482949e+01   -9.19e+00    0.00e+00   1.40e-01  -1.69e-01  9.52e+02        1    4.91e-04    4.59e-03
   4  6.443702e+01   -8.80e+00    0.00e+00   1.37e-01  -1.62e-01  1.19e+02        1    5.00e-04    5.10e-03
   5  6.422354e+01   -8.59e+00    0.00e+00   1.30e-01  -1.58e-01  7.44e+00        1    5.21e-04    5.64e-03
   6  2.864272e+02   -2.31e+02    0.00e+00   6.45e-01  -4.47e+00  2.33e-01        1    4.98e-04    6.15e-03
   7  2.578502e+02   -2.02e+02    0.00e+00   6.04e-01  -9.21e+00  3.63e-03        1    5.22e-04    6.68e-03
   8  5.563864e+01   -2.11e-03    0.00e+00   1.43e-02  -3.86e-03  2.84e-05        1    4.66e-04    7.16e-03
   9  5.563555e+01    9.72e-04    4.77e-01   1.12e-04   2.25e-01  2.43e-05        1    2.10e-03    9.27e-03
  10  5.563473e+01    8.25e-04    4.77e-01   9.67e-05   2.23e-01  2.08e-05        1    1.90e-03    1.12e-02
  11  5.563403e+01    6.99e-04    4.77e-01   8.30e-05   2.21e-01  1.77e-05        1    1.84e-03    1.30e-02
  12  5.563344e+01    5.91e-04    4.77e-01   7.10e-05   2.20e-01  1.51e-05        1    1.88e-03    1.49e-02
  13  5.563294e+01    4.99e-04    4.77e-01   6.06e-05   2.19e-01  1.28e-05        1    1.83e-03    1.68e-02
  14  5.563252e+01    4.21e-04    4.77e-01   5.15e-05   2.17e-01  1.08e-05        1    1.86e-03    1.87e-02
  15  5.563217e+01    3.54e-04    4.77e-01   4.38e-05   2.16e-01  9.17e-06        1    1.83e-03    2.05e-02
  16  5.563187e+01    2.98e-04    4.77e-01   3.71e-05   2.16e-01  7.74e-06        1    1.82e-03    2.23e-02
  17  5.563162e+01    2.51e-04    4.77e-01   3.13e-05   2.15e-01  6.53e-06        1    1.82e-03    2.42e-02
  18  5.563141e+01    2.11e-04    4.77e-01   2.65e-05   2.14e-01  5.50e-06        1    1.94e-03    2.61e-02
  19  5.563123e+01    1.77e-04    4.77e-01   2.23e-05   2.14e-01  4.63e-06        1    1.83e-03    2.80e-02
  20  5.563108e+01    1.49e-04    4.77e-01   1.88e-05   2.13e-01  3.90e-06        1    1.78e-03    2.98e-02
  21  5.563095e+01    1.25e-04    4.77e-01   1.58e-05   2.13e-01  3.28e-06        1    1.87e-03    3.16e-02
  22  5.563085e+01    1.05e-04    4.77e-01   1.33e-05   2.13e-01  2.76e-06        1    1.78e-03    3.34e-02
  23  5.563076e+01    8.81e-05    4.77e-01   1.12e-05   2.12e-01  2.31e-06        1    1.84e-03    3.53e-02
  24  5.563069e+01    7.39e-05    4.77e-01   9.41e-06   2.12e-01  1.94e-06        1    1.80e-03    3.71e-02
  25  5.563063e+01    6.20e-05    4.77e-01   7.91e-06   2.12e-01  1.63e-06        1    1.84e-03    3.90e-02
H_my:
   0.9997802   0.01620927   0.01329746     51.18865
-0.007082589    0.8580798   -0.5134676     100.0966
 -0.01973321    0.5132605     0.858006     147.6038
           0            0            0            1
H_tsai:
   0.9999224  0.004912856  -0.01144812      51.9864
-0.009391842    0.9010327   -0.4336494     97.62398
 0.008184671    0.4337233    0.9010089     146.8185
           0            0            0            1
H_park:
   0.9999952 -0.002873248  0.001127273     51.51073
 0.003051112    0.8651232   -0.5015501     99.88213
0.0004658479    0.5015512    0.8651279     147.8266
           0            0            0            1
H_houard:
   0.9999947 -0.003155096 0.0008242316      51.5188
 0.003142974    0.8651336   -0.5015317     99.88175
0.0008693099    0.5015316    0.8651389     147.8351
           0            0            0            1
H_andreff:
  0.9999938 -0.00303969 -0.00179851    52.25986
 0.00173224   0.8658677    -0.50027    99.91909
0.003077938   0.5002638   0.8658676    147.4129
          0           0           0           1
H_didalas:
  0.9743286  -0.1619662  -0.1563672    63.00491
0.006463816   0.7144016  -0.6997061     113.787
  0.2250377   0.6807329   0.6971088    225.6404
          0           0           0           1
myerror:
1.217691
tsai_error:
1.46491
parkerror:
1.174828
houard_error:
1.174657
andreff_error:
1.179989
didalas_error:
9.571557
