data_number:15
iter      cost      cost_change  |gradient|   |step|    tr_ratio  tr_radius  ls_iter  iter_time  total_time
   0  4.761551e+01    0.00e+00    9.89e-01   0.00e+00   0.00e+00  1.00e+04        0    1.49e-03    1.54e-03
   1  3.921179e+01    8.40e+00    1.69e+00   9.05e-01   1.76e-01  7.87e+03        1    2.12e-03    3.70e-03
   2  3.924608e+01   -3.43e-02    0.00e+00   8.31e-03  -8.74e-04  3.93e+03        1    4.97e-04    4.23e-03
   3  3.924393e+01   -3.21e-02    0.00e+00   8.14e-03  -8.20e-04  9.84e+02        1    4.58e-04    4.70e-03
   4  3.923278e+01   -2.10e-02    0.00e+00   7.17e-03  -5.35e-04  1.23e+02        1    4.53e-04    5.17e-03
   5  3.926239e+01   -5.06e-02    0.00e+00   1.09e-02  -1.29e-03  7.68e+00        1    4.54e-04    5.64e-03
   6  5.367688e+01   -1.45e+01    0.00e+00   1.50e-01  -3.75e-01  2.40e-01        1    4.58e-04    6.11e-03
   7  4.891801e+01   -9.71e+00    0.00e+00   1.23e-01  -6.27e-01  3.75e-03        1    4.86e-04    6.61e-03
   8  3.921678e+01   -4.99e-03    0.00e+00   3.13e-03  -1.37e-02  2.93e-05        1    4.79e-04    7.10e-03
H_my:
    0.9999978  -0.001252089   0.001710462      47.46552
  0.001949847     0.8598685    -0.5105118      99.87421
-0.0008315663      0.510514      0.859869      148.3056
            0             0             0             1
H_tsai:
  0.9999112 0.008469752 -0.01028509    47.96628
-0.01208176   0.9018255  -0.4319314    97.63626
0.005617002   0.4320174   0.9018478    147.5374
          0           0           0           1
H_park:
   0.9999994 0.0004476631  0.001013858     47.50552
0.0001190022     0.866134   -0.4998119     99.58068
-0.001101884    0.4998117    0.8661334     148.1729
           0            0            0            1
H_houard:
   0.9999986  0.000478572   0.00159752      47.4895
0.0003837059    0.8662099   -0.4996801     99.58333
-0.001622921    0.4996801    0.8662085     148.1695
           0            0            0            1
H_andreff:
    0.999908 -0.003668046  -0.01306003     47.51551
-0.003327789    0.8670036   -0.4982908     99.00215
  0.01315084    0.4982884    0.8669116     148.2866
           0            0            0            1
H_didalas:
  0.9873048 -0.09140575  -0.1299007    64.54598
-0.01813984   0.7475863  -0.6639169    114.0443
  0.1577978   0.6578447   0.7364375    219.7672
          0           0           0           1
myerror:
1.204457
tsai_error:
1.4104
parkerror:
1.199862
houard_error:
1.200228
andreff_error:
1.197505
didalas_error:
9.327314
