data_number:15
iter      cost      cost_change  |gradient|   |step|    tr_ratio  tr_radius  ls_iter  iter_time  total_time
   0  6.597685e+01    0.00e+00    9.58e-01   0.00e+00   0.00e+00  1.00e+04        0    1.42e-03    1.48e-03
   1  5.524482e+01    1.07e+01    1.13e+00   9.07e-01   1.64e-01  7.67e+03        1    1.94e-03    3.46e-03
   2  6.247293e+01   -7.23e+00    0.00e+00   1.10e-01  -1.32e-01  3.84e+03        1    5.43e-04    4.03e-03
   3  6.250802e+01   -7.26e+00    0.00e+00   1.11e-01  -1.32e-01  9.59e+02        1    5.06e-04    4.56e-03
   4  6.271980e+01   -7.47e+00    0.00e+00   1.12e-01  -1.36e-01  1.20e+02        1    5.16e-04    5.09e-03
   5  6.479801e+01   -9.55e+00    0.00e+00   1.27e-01  -1.74e-01  7.49e+00        1    5.28e-04    5.64e-03
   6  1.124756e+02   -5.72e+01    0.00e+00   3.10e-01  -1.06e+00  2.34e-01        1    4.80e-04    6.14e-03
   7  1.077539e+02   -5.25e+01    0.00e+00   2.96e-01  -2.70e+00  3.66e-03        1    4.72e-04    6.63e-03
   8  5.526357e+01   -1.88e-02    0.00e+00   6.76e-03  -4.45e-02  2.86e-05        1    4.72e-04    7.11e-03
   9  5.524475e+01    7.28e-05    1.13e+00   5.32e-05   2.20e-02  1.53e-05        1    1.88e-03    9.00e-03
H_my:
   0.999743 -0.01576724 -0.01629113    51.23042
0.005131781   0.8572939  -0.5148017    97.99313
 0.02208329   0.5145858   0.8571545    150.9989
          0           0           0           1
H_tsai:
  0.9998958 0.005880985  -0.0131804    51.78335
-0.01100919   0.9013154  -0.4330235    95.67675
0.009333091   0.4331235   0.9012862    150.0355
          0           0           0           1
H_park:
    0.9999954  -0.002948733 -0.0007164778      50.94967
  0.002194614     0.8658253    -0.5003417      97.60466
  0.002095718     0.5003378     0.8658278      150.8343
            0             0             0             1
H_houard:
   0.9999965 -0.002249376   -0.0013616     50.96692
 0.001264883    0.8655172   -0.5008776     97.61023
 0.002305151    0.5008742     0.865517      150.835
           0            0            0            1
H_andreff:
   0.9999223 -0.007117828   0.01023509     50.76424
  0.01127388    0.8667267   -0.4986559     96.96325
-0.005321679    0.4987325    0.8667396      151.292
           0            0            0            1
H_didalas:
  0.9951503 -0.06631514 -0.07265143    65.93684
 0.00648156   0.7811821  -0.6242696    112.4535
 0.09815252   0.6207712   0.7778234    210.2792
          0           0           0           1
myerror:
1.05402
tsai_error:
1.288751
parkerror:
1.012818
houard_error:
1.013765
andreff_error:
1.010239
didalas_error:
7.956773
