data_number:15
iter      cost      cost_change  |gradient|   |step|    tr_ratio  tr_radius  ls_iter  iter_time  total_time
   0  4.734755e+01    0.00e+00    9.35e-01   0.00e+00   0.00e+00  1.00e+04        0    1.45e-03    1.51e-03
   1  3.969964e+01    7.65e+00    1.26e+00   9.09e-01   1.62e-01  7.63e+03        1    2.20e-03    3.75e-03
   2  3.973771e+01   -3.81e-02    0.00e+00   1.04e-02  -9.59e-04  3.82e+03        1    4.88e-04    4.27e-03
   3  3.974392e+01   -4.43e-02    0.00e+00   1.08e-02  -1.12e-03  9.54e+02        1    5.10e-04    4.80e-03
   4  3.978976e+01   -9.01e-02    0.00e+00   1.38e-02  -2.27e-03  1.19e+02        1    5.66e-04    5.39e-03
   5  4.090049e+01   -1.20e+00    0.00e+00   4.39e-02  -3.03e-02  7.45e+00        1    5.69e-04    5.98e-03
   6  1.619781e+02   -1.22e+02    0.00e+00   4.48e-01  -3.13e+00  2.33e-01        1    7.06e-04    6.71e-03
   7  2.627465e+02   -2.23e+02    0.00e+00   6.21e-01  -1.58e+01  3.64e-03        1    4.74e-04    7.20e-03
   8  3.982571e+01   -1.26e-01    0.00e+00   1.50e-02  -4.06e-01  2.84e-05        1    4.83e-04    7.70e-03
   9  3.969950e+01    1.36e-04    1.27e+00   1.18e-04   5.56e-02  1.67e-05        1    1.86e-03    9.57e-03
  10  3.969944e+01    6.41e-05    1.27e+00   6.08e-05   4.53e-02  9.53e-06        1    1.90e-03    1.15e-02
H_my:
   0.9999954 -0.002040825 -0.002248541     48.05184
0.0006116793    0.8606824   -0.5091418     102.0976
 0.002974349    0.5091381    0.8606797     152.2045
           0            0            0            1
H_tsai:
   0.9999083  0.001963489  -0.01339805     47.96646
-0.007516541    0.9034817   -0.4285607     100.0186
  0.01126342    0.4286221    0.9034136     152.0301
           0            0            0            1
H_park:
   0.9999967 -0.001713807 -0.001898507     47.99561
0.0005389758    0.8668293   -0.4986047     101.8303
 0.002500194    0.4986021    0.8668274     152.1495
           0            0            0            1
H_houard:
   0.9999961 -0.001533678 -0.002323517     48.00414
0.0001707927    0.8668064   -0.4986448     101.8272
   0.0027788    0.4986425    0.8668033     152.1516
           0            0            0            1
H_andreff:
  0.9998882 0.005371739  0.01395335    47.61556
0.002249887    0.868549  -0.4955981    101.7247
-0.01478139   0.4955741   0.8684399    151.7347
          0           0           0           1
H_didalas:
 0.9748713 -0.1756755  -0.136982   69.38638
0.04973265  0.7710165 -0.6348702   134.9588
 0.2171465  0.6121043  0.7603787   253.6245
         0          0          0          1
myerror:
1.093831
tsai_error:
1.371735
parkerror:
1.079437
houard_error:
1.079906
andreff_error:
1.062325
didalas_error:
13.64367
