data_number:15
iter      cost      cost_change  |gradient|   |step|    tr_ratio  tr_radius  ls_iter  iter_time  total_time
   0  4.759435e+01    0.00e+00    9.76e-01   0.00e+00   0.00e+00  1.00e+04        0    1.50e-03    1.57e-03
   1  3.908928e+01    8.51e+00    1.66e+00   9.04e-01   1.79e-01  7.90e+03        1    1.94e-03    3.54e-03
   2  3.918321e+01   -9.39e-02    0.00e+00   1.31e-02  -2.40e-03  3.95e+03        1    5.39e-04    4.10e-03
   3  3.917386e+01   -8.46e-02    0.00e+00   1.25e-02  -2.16e-03  9.88e+02        1    5.58e-04    4.68e-03
   4  3.912868e+01   -3.94e-02    0.00e+00   9.36e-03  -1.01e-03  1.23e+02        1    5.85e-04    5.28e-03
   5  3.958115e+01   -4.92e-01    0.00e+00   2.85e-02  -1.26e-02  7.72e+00        1    5.38e-04    5.84e-03
   6  1.798364e+02   -1.41e+02    0.00e+00   4.83e-01  -3.65e+00  2.41e-01        1    4.77e-04    6.33e-03
   7  3.349067e+02   -2.96e+02    0.00e+00   7.30e-01  -2.03e+01  3.77e-03        1    5.00e-04    6.84e-03
   8  3.928140e+01   -1.92e-01    0.00e+00   1.84e-02  -5.78e-01  2.94e-05        1    5.09e-04    7.36e-03
   9  3.908909e+01    1.91e-04    1.66e+00   1.45e-04   7.30e-02  1.81e-05        1    1.88e-03    9.25e-03
  10  3.908899e+01    9.37e-05    1.65e+00   7.98e-05   5.92e-02  1.08e-05        1    2.03e-03    1.13e-02
  11  3.908895e+01    4.82e-05    1.65e+00   4.40e-05   5.18e-02  6.26e-06        1    2.00e-03    1.33e-02
H_my:
   0.9999967  -0.00256698 0.0002226332     51.93417
 0.002320626    0.8597298   -0.5107438     101.3614
 0.001119665    0.5107426    0.8597329     149.2999
           0            0            0            1
H_tsai:
   0.9999263  0.005765169  -0.01068106     52.44035
-0.009818347    0.9015621   -0.4325383     99.65384
 0.007135978    0.4326113    0.9015523     149.6333
           0            0            0            1
H_park:
    0.999997 -0.002165447  0.001182942     51.95931
 0.002466794    0.8659461   -0.5001312     101.1464
5.864378e-05    0.5001326    0.8659489     149.3044
           0            0            0            1
H_houard:
    0.9999963  -0.002220871   0.001579473      51.95086
  0.002713168     0.8658267    -0.5003367      101.1533
-0.0002563661     0.5003391     0.8658295      149.2997
            0             0             0             1
H_andreff:
  0.9999386 0.007725044  -0.0079446    51.98723
-0.01066302   0.8658789  -0.5001401     101.073
0.003015457   0.5001941   0.8659081    149.5789
          0           0           0           1
H_didalas:
  0.9906465 -0.05834777  -0.1233495    68.12648
-0.01815624   0.8395657  -0.5429547    120.8429
  0.1352402   0.5401157   0.8306534    210.0312
          0           0           0           1
myerror:
1.304251
tsai_error:
1.462506
parkerror:
1.298592
houard_error:
1.298997
andreff_error:
1.290759
didalas_error:
8.342347
