data_number:8
iter      cost      cost_change  |gradient|   |step|    tr_ratio  tr_radius  ls_iter  iter_time  total_time
   0  3.045468e+01    0.00e+00    7.19e+02   0.00e+00   0.00e+00  1.00e+04        0    4.73e-04    5.30e-04
   1  1.966850e+01    1.08e+01    7.19e+02   2.69e-01   3.55e-01  9.76e+03        1    5.96e-04    1.17e-03
   2  2.095002e+01   -1.28e+00    0.00e+00   9.99e-02  -2.13e-01  4.88e+03        1    2.00e-04    1.38e-03
   3  2.094888e+01   -1.28e+00    0.00e+00   9.99e-02  -2.13e-01  1.22e+03        1    1.95e-04    1.59e-03
   4  2.094209e+01   -1.27e+00    0.00e+00   9.96e-02  -2.12e-01  1.53e+02        1    1.91e-04    1.79e-03
   5  2.088078e+01   -1.21e+00    0.00e+00   9.74e-02  -2.01e-01  9.53e+00        1    1.71e-04    1.98e-03
   6  2.023005e+01   -5.62e-01    0.00e+00   6.90e-02  -9.64e-02  2.98e-01        1    1.85e-04    2.17e-03
   7  1.966353e+01    4.97e-03    7.19e+02   3.25e-03   3.20e-03  1.50e-01        1    5.76e-04    2.76e-03
   8  1.966257e+01    9.65e-04    7.19e+02   9.91e-04   1.31e-03  7.55e-02        1    5.76e-04    3.35e-03
   9  1.966228e+01    2.86e-04    0.00e+00   3.92e-04   7.93e-04  3.77e-02        1    1.96e-04    3.56e-03
  10  1.966242e+01    1.50e-04    0.00e+00   1.76e-04   7.92e-04  9.44e-03        1    1.86e-04    3.75e-03
  11  1.966253e+01    3.83e-05    0.00e+00   4.23e-05   7.81e-04  1.18e-03        1    1.81e-04    3.95e-03
H_my:
   0.9999961 -0.002761229 0.0004030946     48.93803
 0.002584671    0.8620737   -0.5067763     100.5181
 0.001051828    0.5067754    0.8620775     150.7379
           0            0            0            1
H_tsai:
   0.9996718  -0.02532231 -0.003873151     48.84657
  0.02061694    0.8850447   -0.4650493     99.99756
  0.01520403    0.4648168    0.8852763     150.6921
           0            0            0            1
H_park:
   0.9999955 -0.003002099 0.0001153673     48.89407
 0.002654676     0.864986   -0.5017891     100.4666
  0.00140663    0.5017871      0.86499     150.7149
           0            0            0            1
H_houard:
   0.9999973 -0.002051638 -0.001089084     48.88346
 0.001227294    0.8647691   -0.5021682       100.48
 0.001972073    0.5021655    0.8647693     150.6935
           0            0            0            1
H_andreff:
   0.9999987 -0.001627122 0.0001943521     47.64786
 0.001498321    0.8598602   -0.5105273     100.7199
0.0006635744     0.510527    0.8598615     150.2991
           0            0            0            1
H_didalas:
  0.9957191 -0.03441346  0.08578517    74.45267
 0.07631166   0.8297465   -0.552899     113.869
-0.05215277   0.5570786   0.8288206    200.5123
          0           0           0           1
myerror:
1.862438
tsai_error:
2.149333
parkerror:
1.871551
houard_error:
1.87141
andreff_error:
1.889579
didalas_error:
12.57146
