data_number:8
iter      cost      cost_change  |gradient|   |step|    tr_ratio  tr_radius  ls_iter  iter_time  total_time
   0  1.200945e+01    0.00e+00    5.81e+02   0.00e+00   0.00e+00  1.00e+04        0    4.70e-04    5.30e-04
   1  8.380432e-03    1.20e+01    5.81e+02   2.66e-01   9.99e-01  3.00e+04        1    6.54e-04    1.23e-03
   2  2.363730e-03    6.02e-03    5.81e+02   7.46e-03   7.54e-01  3.45e+04        1    5.73e-04    1.82e-03
   3  2.006335e-03    3.57e-04    5.81e+02   3.59e-03   2.17e-01  2.92e+04        1    6.61e-04    2.51e-03
   4  2.086798e-03   -8.05e-05    0.00e+00   2.92e-03  -7.12e-02  1.46e+04        1    2.13e-04    2.74e-03
   5  2.086692e-03   -8.04e-05    0.00e+00   2.92e-03  -7.11e-02  3.65e+03        1    2.64e-04    3.02e-03
   6  2.086058e-03   -7.97e-05    0.00e+00   2.92e-03  -7.06e-02  4.57e+02        1    2.12e-04    3.25e-03
   7  2.080181e-03   -7.38e-05    0.00e+00   2.91e-03  -6.54e-02  2.85e+01        1    1.72e-04    3.43e-03
   8  1.990379e-03    1.60e-05    5.81e+02   2.78e-03   1.41e-02  1.49e+01        1    7.04e-04    4.15e-03
   9  2.489780e-03   -4.99e-04    0.00e+00   3.92e-03  -3.42e-01  7.44e+00        1    1.99e-04    4.36e-03
  10  2.320407e-03   -3.30e-04    0.00e+00   3.69e-03  -2.28e-01  1.86e+00        1    1.96e-04    4.57e-03
  11  1.805017e-03    1.85e-04    5.81e+02   2.78e-03   1.40e-01  1.35e+00        1    5.96e-04    5.18e-03
  12  1.583486e-03    2.22e-04    5.81e+02   1.83e-03   2.28e-01  1.17e+00        1    6.64e-04    5.85e-03
  13  1.685865e-03   -1.02e-04    0.00e+00   1.55e-03  -1.73e-01  5.84e-01        1    2.07e-04    6.08e-03
  14  1.569596e-03    1.39e-05    5.81e+02   9.89e-04   3.07e-02  3.19e-01        1    5.96e-04    6.68e-03
  15  1.542025e-03    2.76e-05    5.81e+02   3.83e-04   8.72e-02  2.04e-01        1    5.82e-04    7.28e-03
  16  1.541278e-03    7.48e-07    5.81e+02   3.29e-05   3.82e-03  1.03e-01        1    6.24e-04    7.92e-03
  17  1.540960e-03    3.17e-07    5.81e+02   1.18e-05   2.75e-03  5.21e-02        1    5.80e-04    8.51e-03
  18  1.540810e-03    1.50e-07    5.81e+02   6.44e-06   2.36e-03  2.62e-02        1    6.29e-04    9.15e-03
  19  1.540738e-03    7.22e-08    5.81e+02   3.39e-06   2.15e-03  1.32e-02        1    5.81e-04    9.74e-03
  20  1.540703e-03    3.53e-08    5.81e+02   1.74e-06   2.04e-03  6.64e-03        1    5.75e-04    1.03e-02
  21  1.540685e-03    1.75e-08    5.81e+02   8.86e-07   1.98e-03  3.34e-03        1    5.73e-04    1.09e-02
  22  1.540676e-03    8.73e-09    5.81e+02   4.48e-07   1.95e-03  1.68e-03        1    5.71e-04    1.15e-02
  23  1.540672e-03    4.37e-09    5.81e+02   2.26e-07   1.94e-03  8.45e-04        1    5.84e-04    1.21e-02
  24  1.540670e-03    2.19e-09    5.81e+02   1.14e-07   1.93e-03  4.25e-04        1    5.78e-04    1.27e-02
H_my:
    0.9999999  0.0002512792  -0.000478911      51.71697
-0.0004564398     0.8671108    -0.4981151      98.76702
 0.0002901029     0.4981152     0.8671108       146.634
            0             0             0             1
H_tsai:
   0.9999563 -0.006992454  -0.00620756     52.17067
 0.003255921    0.8827339    -0.469862      97.8179
 0.008765112    0.4698213     0.882718     146.5845
           0            0            0            1
H_park:
    0.9999999  0.0002541911 -0.0004147093      51.71443
 -0.000427004     0.8670699    -0.4981863      98.76942
 0.0002329475     0.4981864     0.8670699      146.6342
            0             0             0             1
H_houard:
    0.9999999  0.0003266845 -0.0002315672       51.7039
-0.0003986455     0.8667599    -0.4987256      98.78767
 3.778722e-05     0.4987256     0.8667599      146.6351
            0             0             0             1
H_andreff:
   0.9999562   -0.0016221  0.009220763     52.04024
 0.005896384    0.8741248   -0.4856656     97.86123
-0.007272299    0.4856987     0.874096     147.1736
           0            0            0            1
H_didalas:
  0.9996218 -0.02522902 -0.01094452     58.3347
 0.01655855    0.869915  -0.4929237    103.7867
 0.02195678    0.492556   0.8700037    163.3777
          0           0           0           1
myerror:
1.53663
tsai_error:
1.542434
parkerror:
1.536844
houard_error:
1.538516
andreff_error:
1.538039
didalas_error:
4.515804
