data_number:8
iter      cost      cost_change  |gradient|   |step|    tr_ratio  tr_radius  ls_iter  iter_time  total_time
   0  1.211137e+01    0.00e+00    7.32e+02   0.00e+00   0.00e+00  1.00e+04        0    5.36e-04    6.11e-04
   1  7.567497e-03    1.21e+01    7.32e+02   2.68e-01   9.99e-01  3.00e+04        1    6.44e-04    1.31e-03
   2  7.296799e-04    6.84e-03    7.32e+02   6.66e-03   9.16e-01  7.09e+04        1    7.01e-04    2.03e-03
   3  6.654043e-04    6.43e-05    7.32e+02   1.92e-03   1.44e-01  5.22e+04        1    5.85e-04    2.63e-03
   4  6.143724e-04    5.10e-05    7.32e+02   1.61e-03   1.24e-01  3.66e+04        1    5.81e-04    3.23e-03
   5  6.873262e-04   -7.30e-05    0.00e+00   1.67e-03  -2.43e-01  1.83e+04        1    2.03e-04    3.45e-03
   6  6.873047e-04   -7.29e-05    0.00e+00   1.67e-03  -2.43e-01  4.57e+03        1    2.00e-04    3.66e-03
   7  6.871756e-04   -7.28e-05    0.00e+00   1.67e-03  -2.42e-01  5.71e+02        1    1.99e-04    3.87e-03
   8  6.859766e-04   -7.16e-05    0.00e+00   1.67e-03  -2.38e-01  3.57e+01        1    1.98e-04    4.08e-03
   9  6.669242e-04   -5.26e-05    0.00e+00   1.61e-03  -1.75e-01  1.12e+00        1    2.00e-04    4.29e-03
  10  5.136660e-04    1.01e-04    7.32e+02   8.57e-04   4.10e-01  1.11e+00        1    6.24e-04    4.92e-03
  11  5.141227e-04   -4.57e-07    0.00e+00   3.05e-04  -3.35e-03  5.55e-01        1    2.04e-04    5.14e-03
  12  5.089389e-04    4.73e-06    7.32e+02   1.89e-04   4.71e-02  3.18e-01        1    5.99e-04    5.75e-03
  13  5.083853e-04    5.54e-07    7.32e+02   4.07e-05   9.78e-03  1.64e-01        1    5.79e-04    6.34e-03
  14  5.083547e-04    3.06e-08    0.00e+00   4.93e-06   8.73e-04  8.19e-02        1    2.28e-04    6.58e-03
  15  5.083615e-04    2.37e-08    7.32e+02   3.67e-06   1.22e-03  4.11e-02        1    5.75e-04    7.17e-03
  16  5.083514e-04    1.02e-08    0.00e+00   1.79e-06   9.86e-04  2.05e-02        1    2.00e-04    7.38e-03
  17  5.083558e-04    5.75e-09    7.32e+02   9.90e-07   1.08e-03  1.03e-02        1    5.75e-04    7.97e-03
  18  5.083530e-04    2.76e-09    7.32e+02   4.94e-07   1.02e-03  5.17e-03        1    5.79e-04    8.56e-03
  19  5.083517e-04    1.35e-09    0.00e+00   2.47e-07   9.91e-04  2.58e-03        1    2.02e-04    8.77e-03
  20  5.083523e-04    6.88e-10    7.32e+02   1.25e-07   1.00e-03  1.30e-03        1    7.14e-04    9.51e-03
H_my:
    0.9999903  -0.003741245   0.002326396      49.02686
  0.004403397     0.8653574    -0.5011359      103.0001
-0.0001382913     0.5011413     0.8653654      148.9713
            0             0             0             1
H_tsai:
   0.9999338  -0.01083634 -0.003877804     48.73559
 0.007721895    0.8814969   -0.4721266     101.8539
 0.008534396    0.4720654    0.8815222     148.2243
           0            0            0            1
H_park:
    0.9999904  -0.003723347   0.002303559      49.02635
  0.004376461     0.8653716    -0.5011115      102.9987
-0.0001276229     0.5011168     0.8653796      148.9698
            0             0             0             1
H_houard:
    0.9999898  -0.003799013   0.002455419      49.02689
  0.004518061     0.8653231    -0.5011941      103.0044
-0.0002206879     0.5012001     0.8653314      148.9759
            0             0             0             1
H_andreff:
   0.9998461   0.01546792 -0.008275989     48.66862
 -0.01754225    0.8779489   -0.4784328     102.0175
-0.000134465    0.4785044    0.8780852     148.8482
           0            0            0            1
H_didalas:
  0.9986978 -0.04688178  0.02012042    61.87741
 0.04993053   0.8172453  -0.5741229    109.4158
 0.01047258   0.5743799   0.8185219    177.3134
          0           0           0           1
myerror:
1.911166
tsai_error:
1.834485
parkerror:
1.910804
houard_error:
1.912425
andreff_error:
1.759295
didalas_error:
6.673763
