data_number:8
iter      cost      cost_change  |gradient|   |step|    tr_ratio  tr_radius  ls_iter  iter_time  total_time
   0  3.038857e+01    0.00e+00    6.20e+02   0.00e+00   0.00e+00  1.00e+04        0    5.44e-04    6.18e-04
   1  1.992250e+01    1.05e+01    6.20e+02   2.67e-01   3.46e-01  9.72e+03        1    6.05e-04    1.26e-03
   2  2.058784e+01   -6.65e-01    0.00e+00   1.11e-01  -5.99e-02  4.86e+03        1    2.01e-04    1.48e-03
   3  2.058409e+01   -6.62e-01    0.00e+00   1.11e-01  -5.96e-02  1.21e+03        1    1.97e-04    1.69e-03
   4  2.056194e+01   -6.39e-01    0.00e+00   1.10e-01  -5.76e-02  1.52e+02        1    1.87e-04    1.89e-03
   5  2.038472e+01   -4.62e-01    0.00e+00   1.01e-01  -4.19e-02  9.49e+00        1    2.00e-04    2.10e-03
   6  1.973224e+01    1.90e-01    6.20e+02   4.37e-02   2.42e-02  5.10e+00        1    5.79e-04    2.70e-03
   7  2.084635e+01   -1.11e+00    0.00e+00   7.87e-02  -1.51e-01  2.55e+00        1    1.97e-04    2.91e-03
   8  2.000717e+01   -2.75e-01    0.00e+00   4.02e-02  -5.08e-02  6.37e-01        1    1.95e-04    3.11e-03
   9  1.970983e+01    2.24e-02    6.20e+02   7.52e-03   1.08e-02  3.29e-01        1    5.72e-04    3.70e-03
  10  1.969988e+01    9.95e-03    6.20e+02   2.85e-03   9.99e-03  1.69e-01        1    5.75e-04    4.29e-03
  11  1.969574e+01    4.14e-03    6.20e+02   1.33e-03   7.12e-03  8.66e-02        1    5.74e-04    4.87e-03
  12  1.969362e+01    2.12e-03    6.20e+02   8.32e-04   6.71e-03  4.42e-02        1    6.17e-04    5.50e-03
  13  1.969259e+01    1.03e-03    6.20e+02   4.37e-04   6.16e-03  2.25e-02        1    5.84e-04    6.10e-03
  14  1.969208e+01    5.06e-04    6.20e+02   2.24e-04   5.86e-03  1.14e-02        1    5.68e-04    6.68e-03
  15  1.969183e+01    2.53e-04    6.20e+02   1.14e-04   5.70e-03  5.82e-03        1    5.66e-04    7.26e-03
  16  1.969170e+01    1.27e-04    6.20e+02   5.80e-05   5.62e-03  2.96e-03        1    5.65e-04    7.84e-03
  17  1.969164e+01    6.42e-05    6.20e+02   2.95e-05   5.58e-03  1.50e-03        1    5.68e-04    8.43e-03
  18  1.969160e+01    3.26e-05    6.20e+02   1.50e-05   5.55e-03  7.65e-04        1    6.09e-04    9.05e-03
H_my:
   0.9998965 -0.007695368  -0.01215546     52.63124
0.0005602718    0.8651041    -0.501592     102.8611
  0.01437567    0.5015333    0.8650189     147.8171
           0            0            0            1
H_tsai:
   0.9999516 -0.007686104 -0.006140917     52.63121
 0.003883601    0.8818996   -0.4714213     102.4627
 0.009039065    0.4713746    0.8818868     146.7202
           0            0            0            1
H_park:
   0.9999989 -0.001280792 0.0006894654     52.48842
 0.001453945    0.8661828   -0.4997252     102.8345
4.284083e-05    0.4997256    0.8661837     147.4767
           0            0            0            1
H_houard:
    0.9999999 -0.0003830556 -8.795473e-05      52.50318
 0.0002876469     0.8658168    -0.5003611      102.8204
 0.0002678188      0.500361     0.8658168       147.481
            0             0             0             1
H_andreff:
  0.9996463 -0.02228659 -0.01451068    52.44388
 0.01210112   0.8670636  -0.4980505    104.0058
 0.02368153   0.4976987   0.8670266     146.912
          0           0           0           1
H_didalas:
 -0.8500226     0.52598 -0.02840047    607.9363
  0.4836394   0.8006867   0.3535446    1987.367
  0.2086973   0.2867853  -0.9349864    1002.811
          0           0           0           1
myerror:
2.260892
tsai_error:
2.360671
parkerror:
2.305718
houard_error:
2.308115
andreff_error:
2.26204
didalas_error:
582.4372
