data_number:8
iter      cost      cost_change  |gradient|   |step|    tr_ratio  tr_radius  ls_iter  iter_time  total_time
   0  1.216462e+01    0.00e+00    6.45e+02   0.00e+00   0.00e+00  1.00e+04        0    5.12e-04    5.76e-04
   1  9.562143e-03    1.22e+01    6.45e+02   2.67e-01   9.99e-01  3.00e+04        1    7.04e-04    1.33e-03
   2  2.151529e-03    7.41e-03    6.45e+02   7.14e-03   8.23e-01  4.11e+04        1    6.53e-04    2.00e-03
   3  2.390199e-03   -2.39e-04    0.00e+00   3.74e-03  -2.13e-01  2.05e+04        1    2.10e-04    2.23e-03
   4  2.390136e-03   -2.39e-04    0.00e+00   3.74e-03  -2.13e-01  5.14e+03        1    2.04e-04    2.45e-03
   5  2.389755e-03   -2.38e-04    0.00e+00   3.74e-03  -2.13e-01  6.42e+02        1    2.04e-04    2.67e-03
   6  2.386211e-03   -2.35e-04    0.00e+00   3.74e-03  -2.10e-01  4.01e+01        1    2.06e-04    2.89e-03
   7  2.328587e-03   -1.77e-04    0.00e+00   3.64e-03  -1.58e-01  1.25e+00        1    2.07e-04    3.11e-03
   8  1.737869e-03    4.14e-04    6.45e+02   2.02e-03   4.71e-01  1.25e+00        1    6.70e-04    3.80e-03
   9  1.707880e-03    3.00e-05    6.45e+02   7.36e-04   1.68e-01  9.69e-01        1    6.48e-04    4.46e-03
  10  1.697525e-03    1.04e-05    6.45e+02   4.02e-04   9.72e-02  6.37e-01        1    6.69e-04    5.15e-03
  11  1.693690e-03    3.83e-06    6.45e+02   1.25e-04   5.59e-02  3.74e-01        1    6.36e-04    5.80e-03
  12  1.693623e-03    6.69e-08    6.45e+02   1.23e-05   1.46e-03  1.88e-01        1    6.61e-04    6.49e-03
  13  1.693528e-03    9.56e-08    6.45e+02   7.66e-06   3.42e-03  9.50e-02        1    5.99e-04    7.10e-03
  14  1.693478e-03    5.02e-08    6.45e+02   4.71e-06   3.19e-03  4.79e-02        1    6.04e-04    7.72e-03
  15  1.693453e-03    2.46e-08    6.45e+02   2.59e-06   2.93e-03  2.42e-02        1    5.74e-04    8.31e-03
  16  1.693441e-03    1.21e-08    6.45e+02   1.36e-06   2.76e-03  1.22e-02        1    5.73e-04    8.90e-03
  17  1.693435e-03    5.98e-09    6.45e+02   7.01e-07   2.67e-03  6.14e-03        1    5.90e-04    9.50e-03
  18  1.693432e-03    2.99e-09    6.45e+02   3.57e-07   2.63e-03  3.10e-03        1    5.75e-04    1.01e-02
H_my:
    0.9999992 -0.0003208793  -0.001188181      50.42818
-0.0003180028     0.8652668    -0.5013116      99.30815
  0.001188954     0.5013115      0.865266      149.7104
            0             0             0             1
H_tsai:
   0.9999425 -0.007095771 -0.008040752     50.21323
 0.002460915    0.8816137   -0.4719653     98.15037
  0.01043779    0.4719183    0.8815805     148.0327
           0            0            0            1
H_park:
    0.9999993 -0.0003630883  -0.001150695      50.42724
-0.0002627019     0.8652612    -0.5013213      99.30884
  0.001177676     0.5013213     0.8652604      149.7123
            0             0             0             1
H_houard:
   0.9999976 0.0001854361 -0.002190906     50.45074
-0.001258047      0.86547   -0.5009592      99.2888
 0.001803267    0.5009607    0.8654681     149.6652
           0            0            0            1
H_andreff:
  0.9999285 0.001992604   0.0117914     50.1798
0.004189722   0.8651506  -0.5014947    99.27048
-0.01120062   0.5015082   0.8650804    149.5719
          0           0           0           1
H_didalas:
  0.9977345 -0.05257531  0.04197384    54.39945
 0.06706751   0.8263155     -0.5592    102.4323
-0.00528352   0.5607482   0.8279695    166.1419
          0           0           0           1
myerror:
1.877201
tsai_error:
2.049294
parkerror:
1.876976
houard_error:
1.882923
andreff_error:
1.840262
didalas_error:
3.749393
