data_number:8
iter      cost      cost_change  |gradient|   |step|    tr_ratio  tr_radius  ls_iter  iter_time  total_time
   0  3.034442e+01    0.00e+00    6.24e+02   0.00e+00   0.00e+00  1.00e+04        0    4.82e-04    5.52e-04
   1  1.977330e+01    1.06e+01    6.24e+02   2.60e-01   3.49e-01  9.73e+03        1    6.03e-04    1.20e-03
   2  2.089534e+01   -1.12e+00    0.00e+00   9.67e-02  -2.76e-01  4.87e+03        1    2.00e-04    1.41e-03
   3  2.089161e+01   -1.12e+00    0.00e+00   9.65e-02  -2.75e-01  1.22e+03        1    1.96e-04    1.62e-03
   4  2.086986e+01   -1.10e+00    0.00e+00   9.57e-02  -2.69e-01  1.52e+02        1    1.73e-04    1.82e-03
   5  2.071198e+01   -9.39e-01    0.00e+00   8.93e-02  -2.33e-01  9.50e+00        1    1.83e-04    2.02e-03
   6  2.030124e+01   -5.28e-01    0.00e+00   6.62e-02  -1.82e-01  2.97e-01        1    1.95e-04    2.22e-03
   7  1.974110e+01    3.22e-02    6.24e+02   9.10e-03   4.41e-02  1.69e-01        1    5.73e-04    2.81e-03
   8  1.972892e+01    1.22e-02    6.24e+02   4.02e-03   2.64e-02  9.13e-02        1    5.71e-04    3.39e-03
   9  1.972438e+01    4.54e-03    6.24e+02   1.52e-03   1.60e-02  4.79e-02        1    5.87e-04    3.99e-03
  10  1.972245e+01    1.93e-03    6.24e+02   6.88e-04   1.19e-02  2.48e-02        1    5.73e-04    4.58e-03
  11  1.972155e+01    8.96e-04    6.24e+02   3.40e-04   1.00e-02  1.28e-02        1    6.92e-04    5.28e-03
  12  1.972112e+01    4.35e-04    6.24e+02   1.72e-04   9.18e-03  6.57e-03        1    9.31e-04    6.24e-03
  13  1.972090e+01    2.17e-04    6.24e+02   8.79e-05   8.76e-03  3.37e-03        1    8.29e-04    7.09e-03
  14  1.972079e+01    1.09e-04    6.24e+02   4.50e-05   8.55e-03  1.73e-03        1    5.91e-04    7.70e-03
  15  1.972074e+01    5.56e-05    6.24e+02   2.30e-05   8.44e-03  8.87e-04        1    6.34e-04    8.35e-03
  16  1.972071e+01    2.84e-05    6.24e+02   1.18e-05   8.39e-03  4.55e-04        1    5.64e-04    8.94e-03
H_my:
    0.9998624  -0.007448159   -0.01482344       47.3122
-0.0008484277     0.8694192    -0.4940745      99.44867
   0.01656773     0.4940191     0.8692932      151.9283
            0             0             0             1
H_tsai:
   0.9999422 -0.008721628 -0.006282306     47.25091
 0.004748367    0.8827803    -0.469762     99.00741
 0.009642986    0.4697051    0.8827707     151.3896
           0            0            0            1
H_park:
   0.9999987 -0.001596726 0.0001895874     47.15327
 0.001478881    0.8670357   -0.4982437     99.53285
0.0006311794    0.4982434     0.867037     152.2602
           0            0            0            1
H_houard:
    0.9999989  -0.001488094 -0.0001923943      47.15789
  0.001193977     0.8668186    -0.4986222      99.53904
 0.0009087679     0.4986215     0.8668194      152.2641
            0             0             0             1
H_andreff:
  0.9997668 -0.02151636 -0.00185479    46.91918
 0.01784735   0.8715268   -0.490023    98.28731
 0.01216001   0.4898756   0.8717075    152.2401
          0           0           0           1
H_didalas:
   0.9994703  -0.02464127   0.02125772     55.75791
  0.03229291    0.8318635     -0.55404      102.391
-0.004031265     0.554433    0.8322186     174.0301
           0            0            0            1
myerror:
2.367747
tsai_error:
2.377518
parkerror:
2.388521
houard_error:
2.389853
andreff_error:
2.363741
didalas_error:
5.546833
