data_number:9
iter      cost      cost_change  |gradient|   |step|    tr_ratio  tr_radius  ls_iter  iter_time  total_time
   0  3.518287e+01    0.00e+00    1.65e+00   0.00e+00   0.00e+00  1.00e+04        0    6.10e-04    6.70e-04
   1  1.985358e+01    1.53e+01    1.82e+00   2.71e-01   4.38e-01  9.98e+03        1    7.99e-04    1.51e-03
   2  2.002392e+01   -1.70e-01    0.00e+00   4.99e-02  -8.07e-02  4.99e+03        1    2.28e-04    1.76e-03
   3  2.002338e+01   -1.70e-01    0.00e+00   4.99e-02  -8.04e-02  1.25e+03        1    2.21e-04    1.99e-03
   4  2.002015e+01   -1.67e-01    0.00e+00   4.97e-02  -7.89e-02  1.56e+02        1    2.20e-04    2.22e-03
   5  1.999236e+01   -1.39e-01    0.00e+00   4.80e-02  -6.58e-02  9.75e+00        1    2.20e-04    2.46e-03
   6  1.980520e+01    4.84e-02    1.67e+00   3.34e-02   2.49e-02  5.25e+00        1    7.76e-04    3.24e-03
   7  1.980057e+01    4.63e-03    1.28e+00   3.06e-02   2.14e-03  2.64e+00        1    8.08e-04    4.07e-03
   8  1.981959e+01   -1.90e-02    0.00e+00   2.42e-02  -4.74e-03  1.32e+00        1    2.20e-04    4.30e-03
   9  1.974784e+01    5.27e-02    7.43e-01   1.40e-02   1.69e-02  6.94e-01        1    7.64e-04    5.08e-03
  10  1.973184e+01    1.60e-02    6.60e-01   8.05e-03   1.73e-02  3.65e-01        1    9.07e-04    6.00e-03
  11  1.972448e+01    7.36e-03    4.24e-01   2.79e-03   8.85e-03  1.88e-01        1    8.66e-04    6.89e-03
  12  1.972192e+01    2.56e-03    2.86e-01   1.60e-03   4.90e-03  9.52e-02        1    8.10e-04    7.72e-03
  13  1.972108e+01    8.38e-04    2.09e-01   8.52e-04   2.68e-03  4.80e-02        1    7.00e-04    8.44e-03
  14  1.972084e+01    2.40e-04    1.78e-01   3.11e-04   1.48e-03  2.41e-02        1    7.32e-04    9.18e-03
  15  1.972075e+01    8.59e-05    1.65e-01   1.25e-04   1.04e-03  1.21e-02        1    7.93e-04    9.99e-03
  16  1.972072e+01    3.65e-05    0.00e+00   5.58e-05   8.73e-04  6.04e-03        1    2.48e-04    1.02e-02
H_my:
   0.9999909  0.004247053 0.0003317145     48.61185
-0.003516529    0.8669158   -0.4984423     100.5792
-0.002404479    0.4984366    0.8669228     147.8835
           0            0            0            1
H_tsai:
    0.9999598  -0.003340662  -0.008320743      49.05081
-0.0004521907     0.9080303    -0.4189043      98.66114
  0.008954904     0.4188912     0.9079923      148.8476
            0             0             0             1
H_park:
    0.9999982   0.001373735   0.001327262      48.65178
-0.0005294266     0.8669408    -0.4984108      100.5692
 -0.001835342     0.4984092       0.86694      147.8917
            0             0             0             1
H_houard:
    0.9999978   0.001419917   0.001558267      48.64609
-0.0004558986     0.8673209    -0.4977493      100.5527
  -0.00205828     0.4977474     0.8673196      147.8978
            0             0             0             1
H_andreff:
  0.9995394  0.01126676  -0.0281794    49.66826
-0.02392622   0.8637668  -0.5033234    101.0986
 0.01866961   0.5037658   0.8636385    145.8756
          0           0           0           1
H_didalas:
  0.9876783 -0.09897655  -0.1212242    70.89339
 0.01325834   0.8247399  -0.5653569    116.2699
  0.1559355   0.5567834   0.8158899    222.8367
          0           0           0           1
myerror:
2.284589
tsai_error:
2.742766
parkerror:
2.286709
houard_error:
2.287835
andreff_error:
2.319709
didalas_error:
17.80646
