data_number:9
iter      cost      cost_change  |gradient|   |step|    tr_ratio  tr_radius  ls_iter  iter_time  total_time
   0  3.522104e+01    0.00e+00    1.60e+00   0.00e+00   0.00e+00  1.00e+04        0    6.21e-04    6.86e-04
   1  1.975820e+01    1.55e+01    1.56e+00   2.65e-01   4.41e-01  9.98e+03        1    8.52e-04    1.58e-03
   2  2.230681e+01   -2.55e+00    0.00e+00   1.17e-01  -4.83e-01  4.99e+03        1    2.50e-04    1.85e-03
   3  2.230257e+01   -2.54e+00    0.00e+00   1.16e-01  -4.82e-01  1.25e+03        1    2.36e-04    2.10e-03
   4  2.227741e+01   -2.52e+00    0.00e+00   1.16e-01  -4.77e-01  1.56e+02        1    2.37e-04    2.35e-03
   5  2.205965e+01   -2.30e+00    0.00e+00   1.11e-01  -4.37e-01  9.75e+00        1    2.36e-04    2.60e-03
   6  2.049692e+01   -7.39e-01    0.00e+00   6.81e-02  -1.65e-01  3.05e-01        1    2.35e-04    2.85e-03
   7  1.971075e+01    4.75e-02    9.82e-01   8.24e-03   4.06e-02  1.72e-01        1    7.30e-04    3.59e-03
   8  1.969486e+01    1.59e-02    8.72e-01   3.11e-03   1.76e-02  9.04e-02        1    7.02e-04    4.31e-03
   9  1.968939e+01    5.46e-03    8.45e-01   1.19e-03   1.19e-02  4.68e-02        1    7.05e-04    5.02e-03
  10  1.968704e+01    2.35e-03    8.26e-01   5.47e-04   9.71e-03  2.41e-02        1    7.54e-04    5.79e-03
  11  1.968593e+01    1.11e-03    8.16e-01   2.70e-04   8.79e-03  1.24e-02        1    8.09e-04    6.61e-03
  12  1.968539e+01    5.46e-04    8.11e-01   1.36e-04   8.36e-03  6.34e-03        1    7.34e-04    7.37e-03
  13  1.968511e+01    2.74e-04    8.08e-01   6.91e-05   8.15e-03  3.25e-03        1    7.00e-04    8.08e-03
  14  1.968498e+01    1.39e-04    8.07e-01   3.52e-05   8.05e-03  1.66e-03        1    7.59e-04    8.86e-03
  15  1.968490e+01    7.08e-05    8.06e-01   1.80e-05   7.99e-03  8.52e-04        1    1.07e-03    9.94e-03
  16  1.968487e+01    3.61e-05    8.05e-01   9.21e-06   7.96e-03  4.36e-04        1    7.85e-04    1.07e-02
H_my:
  0.9998393  0.01461282 -0.01038478    48.42764
-0.01784188   0.8675176  -0.4970864    97.91769
0.001745147   0.4971918   0.8676389    153.9997
          0           0           0           1
H_tsai:
    0.9999327  -0.004796645   -0.01056645      47.84518
-0.0001022411     0.9068934    -0.4213601      96.10831
   0.01160376     0.4213328     0.9068318      152.2816
            0             0             0             1
H_park:
   0.9999992 -0.001291909 1.724327e-05     48.12161
 0.001127388    0.8659767    -0.500083     97.88313
0.0006311297    0.5000826    0.8659775     153.8917
           0            0            0            1
H_houard:
    0.9999997 -0.0002474642 -0.0007203121      48.14649
-0.0001463518     0.8656867    -0.5005862      97.90185
 0.0007474418     0.5005861     0.8656864      153.9127
            0             0             0             1
H_andreff:
   0.9998317  -0.01834414 0.0001288116     48.52467
  0.01597506     0.867212   -0.4976827     97.99487
 0.009017856     0.497601    0.8673592     153.2996
           0            0            0            1
H_didalas:
  0.9991393 -0.03022413 -0.02841102    63.82626
0.008649121   0.8216531  -0.5699223    106.0312
 0.04056941    0.569186   0.8212073    196.5604
          0           0           0           1
myerror:
1.718205
tsai_error:
2.227268
parkerror:
1.633368
houard_error:
1.637473
andreff_error:
1.620303
didalas_error:
10.18992
