data_number:9
iter      cost      cost_change  |gradient|   |step|    tr_ratio  tr_radius  ls_iter  iter_time  total_time
   0  3.520829e+01    0.00e+00    1.64e+00   0.00e+00   0.00e+00  1.00e+04        0    5.87e-04    6.42e-04
   1  1.997419e+01    1.52e+01    1.74e+00   2.69e-01   4.35e-01  9.98e+03        1    8.61e-04    1.54e-03
   2  1.986023e+01    1.14e-01    1.92e+00   3.72e-02   7.06e-02  6.11e+03        1    7.79e-04    2.34e-03
   3  2.037493e+01   -5.15e-01    0.00e+00   6.34e-02  -4.00e-02  3.05e+03        1    2.19e-04    2.58e-03
   4  2.037315e+01   -5.13e-01    0.00e+00   6.33e-02  -3.99e-02  7.64e+02        1    2.25e-04    2.82e-03
   5  2.036260e+01   -5.02e-01    0.00e+00   6.29e-02  -3.91e-02  9.54e+01        1    2.25e-04    3.06e-03
   6  2.027420e+01   -4.14e-01    0.00e+00   5.95e-02  -3.23e-02  5.97e+00        1    2.26e-04    3.29e-03
   7  1.980655e+01    5.37e-02    1.50e+00   3.37e-02   5.76e-03  3.03e+00        1    7.11e-04    4.02e-03
   8  1.975280e+01    5.37e-02    9.94e-01   1.88e-02   3.68e-02  1.69e+00        1    8.35e-04    4.87e-03
   9  1.974164e+01    1.12e-02    7.86e-01   1.29e-02   5.23e-03  8.59e-01        1    7.83e-04    5.67e-03
  10  1.972373e+01    1.79e-02    3.89e-01   8.42e-03   8.41e-03  4.40e-01        1    7.43e-04    6.43e-03
  11  1.971958e+01    4.15e-03    3.77e-01   3.39e-03   3.88e-03  2.23e-01        1    7.08e-04    7.15e-03
  12  1.971825e+01    1.33e-03    3.18e-01   1.75e-03   2.11e-03  1.12e-01        1    7.07e-04    7.87e-03
  13  1.971771e+01    5.43e-04    2.98e-01   5.21e-04   1.54e-03  5.63e-02        1    7.16e-04    8.60e-03
  14  1.971745e+01    2.60e-04    2.81e-01   2.28e-04   1.37e-03  2.83e-02        1    7.36e-04    9.35e-03
  15  1.971732e+01    1.29e-04    2.71e-01   1.13e-04   1.33e-03  1.42e-02        1    7.61e-04    1.01e-02
  16  1.971725e+01    6.49e-05    2.66e-01   5.77e-05   1.31e-03  7.12e-03        1    7.06e-04    1.08e-02
  17  1.971722e+01    3.26e-05    2.63e-01   2.93e-05   1.30e-03  3.57e-03        1    7.13e-04    1.16e-02
H_my:
   0.9999713   0.00634903 -0.004122782     50.82052
-0.007558875    0.8671564   -0.4979785     98.06995
0.0004134161    0.4979954    0.8671796     152.6544
           0            0            0            1
H_tsai:
    0.9999373  -0.004240158   -0.01035992      51.54302
-0.0005055492     0.9074339    -0.4201946       95.0099
   0.01118263     0.4201735     0.9073749      152.6133
            0             0             0             1
H_park:
   0.9999969   0.00174525 -0.001784059     50.80635
-0.002402827    0.8664933   -0.4991828     98.06134
0.0006746768    0.4991856    0.8664948     152.6832
           0            0            0            1
H_houard:
    0.9999997   0.000420195 -0.0006087057      50.78682
-0.0006679921     0.8664351    -0.4992893      98.04833
 0.0003176051     0.4992896     0.8664351      152.6965
            0             0             0             1
H_andreff:
  0.9999088   -0.013042 0.003509597    51.06497
 0.01307916   0.8702366  -0.4924604    97.97767
0.003368491   0.4924614   0.8703278    150.1564
          0           0           0           1
H_didalas:
  0.9991871 -0.01061756 -0.03888969    86.97923
-0.01353974   0.8202663  -0.5718216    116.1052
 0.03797125   0.5718833   0.8194557    235.4425
          0           0           0           1
myerror:
1.702207
tsai_error:
2.092517
parkerror:
1.687589
houard_error:
1.683683
andreff_error:
1.752424
didalas_error:
20.2951
