data_number:9
iter      cost      cost_change  |gradient|   |step|    tr_ratio  tr_radius  ls_iter  iter_time  total_time
   0  3.521893e+01    0.00e+00    1.60e+00   0.00e+00   0.00e+00  1.00e+04        0    6.61e-04    7.38e-04
   1  1.973886e+01    1.55e+01    1.04e+00   2.68e-01   4.41e-01  9.98e+03        1    7.41e-04    1.52e-03
   2  1.988291e+01   -1.44e-01    0.00e+00   3.93e-02  -3.99e-02  4.99e+03        1    1.99e-04    1.74e-03
   3  1.988239e+01   -1.44e-01    0.00e+00   3.93e-02  -3.98e-02  1.25e+03        1    2.26e-04    1.98e-03
   4  1.987934e+01   -1.40e-01    0.00e+00   3.91e-02  -3.89e-02  1.56e+02        1    1.95e-04    2.18e-03
   5  1.985393e+01   -1.15e-01    0.00e+00   3.74e-02  -3.20e-02  9.75e+00        1    1.97e-04    2.39e-03
   6  1.972078e+01    1.81e-02    1.13e+00   2.55e-02   6.27e-03  4.97e+00        1    6.77e-04    3.08e-03
   7  2.056332e+01   -8.43e-01    0.00e+00   6.70e-02  -1.33e-01  2.48e+00        1    1.97e-04    3.29e-03
   8  2.010720e+01   -3.86e-01    0.00e+00   4.63e-02  -6.93e-02  6.21e-01        1    1.95e-04    3.49e-03
   9  1.972907e+01   -8.29e-03    0.00e+00   1.30e-02  -2.63e-03  7.76e-02        1    1.94e-04    3.70e-03
  10  1.971530e+01    5.48e-03    1.02e+00   1.17e-03   8.31e-03  3.98e-02        1    6.74e-04    4.38e-03
  11  1.971274e+01    2.56e-03    9.62e-01   5.33e-04   6.78e-03  2.03e-02        1    7.21e-04    5.12e-03
  12  1.971150e+01    1.24e-03    9.34e-01   2.60e-04   6.34e-03  1.03e-02        1    6.94e-04    5.82e-03
  13  1.971088e+01    6.14e-04    9.20e-01   1.30e-04   6.19e-03  5.27e-03        1    7.03e-04    6.54e-03
  14  1.971058e+01    3.08e-04    9.13e-01   6.54e-05   6.13e-03  2.68e-03        1    6.73e-04    7.23e-03
  15  1.971042e+01    1.56e-04    9.09e-01   3.32e-05   6.10e-03  1.37e-03        1    7.46e-04    7.98e-03
  16  1.971034e+01    7.90e-05    9.07e-01   1.68e-05   6.09e-03  6.96e-04        1    7.04e-04    8.70e-03
  17  1.971030e+01    4.02e-05    9.06e-01   8.57e-06   6.08e-03  3.54e-04        1    8.25e-04    9.54e-03
  18  1.971028e+01    2.04e-05    9.06e-01   4.36e-06   6.08e-03  1.80e-04        1    7.08e-04    1.03e-02
H_my:
    0.9999957   0.002138074   0.001996938       49.8702
-0.0009152265     0.8769377    -0.4806032      100.5365
 -0.002778755     0.4805993     0.8769359      149.0346
            0             0             0             1
H_tsai:
   0.9999438 -0.004503965 -0.009594593     50.15029
6.226639e-05    0.9077037   -0.4196116     99.99765
  0.01059896    0.4195875     0.907653      147.591
           0            0            0            1
H_park:
    0.9999996  0.0008832077  0.0001941381      49.82051
-0.0006681598     0.8663108    -0.4995048      100.6887
-0.0006093504     0.4995045     0.8663111      149.4759
            0             0             0             1
H_houard:
           1 0.0001079279 0.0002372426     49.80544
 2.47061e-05    0.8668855   -0.4985074     100.6827
-0.000259465    0.4985074    0.8668854     149.4476
           0            0            0            1
H_andreff:
   0.9998927  -0.01154999 -0.009009062     49.69683
  0.00520175    0.8549268   -0.5187226      101.099
  0.01369333    0.5186201    0.8548951     149.3309
           0            0            0            1
H_didalas:
  0.9987056  0.04508254 -0.02355186    80.83321
-0.04930411   0.7442617  -0.6660658    105.9326
-0.01249919   0.6663648   0.7455211    217.6818
          0           0           0           1
myerror:
1.923619
tsai_error:
2.651477
parkerror:
1.786574
houard_error:
1.789198
andreff_error:
1.718116
didalas_error:
15.80865
