data_number:9
iter      cost      cost_change  |gradient|   |step|    tr_ratio  tr_radius  ls_iter  iter_time  total_time
   0  1.693763e+01    0.00e+00    6.31e-01   0.00e+00   0.00e+00  1.00e+04        0    5.94e-04    6.53e-04
   1  1.224347e-02    1.69e+01    7.42e-01   2.67e-01   9.99e-01  3.00e+04        1    7.97e-04    1.50e-03
   2  3.479848e-03    8.76e-03    1.12e-01   7.36e-03   8.21e-01  4.08e+04        1    7.46e-04    2.27e-03
   3  4.006193e-03   -5.26e-04    0.00e+00   4.01e-03  -3.85e-01  2.04e+04        1    2.03e-04    2.49e-03
   4  4.006077e-03   -5.26e-04    0.00e+00   4.01e-03  -3.84e-01  5.11e+03        1    2.31e-04    2.73e-03
   5  4.005384e-03   -5.26e-04    0.00e+00   4.01e-03  -3.84e-01  6.38e+02        1    3.60e-04    3.10e-03
   6  3.998935e-03   -5.19e-04    0.00e+00   4.00e-03  -3.79e-01  3.99e+01        1    2.31e-04    3.36e-03
   7  3.894840e-03   -4.15e-04    0.00e+00   3.89e-03  -3.03e-01  1.25e+00        1    2.30e-04    3.60e-03
   8  2.942569e-03    5.37e-04    5.15e-02   2.04e-03   5.10e-01  1.25e+00        1    7.51e-04    4.36e-03
   9  2.923772e-03    1.88e-05    4.81e-02   8.83e-04   7.90e-02  7.80e-01        1    8.33e-04    5.21e-03
  10  2.888128e-03    3.56e-05    1.66e-02   5.59e-04   2.76e-01  7.16e-01        1    8.75e-04    6.11e-03
  11  2.884146e-03    3.98e-06    1.02e-02   2.40e-04   5.54e-02  4.21e-01        1    8.10e-04    6.93e-03
  12  2.882066e-03    2.08e-06    4.90e-03   9.20e-05   4.73e-02  2.41e-01        1    7.79e-04    7.73e-03
  13  2.881906e-03    1.61e-07    3.93e-03   8.72e-06   5.58e-03  1.23e-01        1    7.34e-04    8.48e-03
  14  2.881828e-03    7.79e-08    3.39e-03   4.99e-06   4.61e-03  6.22e-02        1    6.79e-04    9.17e-03
  15  2.881789e-03    3.82e-08    3.10e-03   2.77e-06   4.12e-03  3.15e-02        1    6.83e-04    9.86e-03
  16  2.881771e-03    1.89e-08    2.94e-03   1.47e-06   3.85e-03  1.59e-02        1    6.79e-04    1.06e-02
  17  2.881761e-03    9.39e-09    2.86e-03   7.61e-07   3.70e-03  8.05e-03        1    6.83e-04    1.12e-02
  18  2.881756e-03    4.71e-09    2.82e-03   3.89e-07   3.63e-03  4.07e-03        1    6.78e-04    1.19e-02
H_my:
    0.9999994    0.00100926  0.0004586687      48.30777
 -0.000644554     0.8659385    -0.5001501      100.3647
-0.0009019602     0.5001495     0.8659386      148.3254
            0             0             0             1
H_tsai:
    0.9999513  -0.003831495  -0.009094148      48.97781
-0.0003508346     0.9071639    -0.4207773      96.65905
  0.009862088       0.42076     0.9071184      147.6862
            0             0             0             1
H_park:
    0.9999994  0.0009887762  0.0004536477      48.30771
-0.0006292836     0.8659136    -0.5001932      100.3667
-0.0008873989     0.5001926     0.8659137      148.3255
            0             0             0             1
H_houard:
    0.9999993  0.0008381324  0.0007974049      48.29665
-0.0003271726     0.8660393    -0.4999759      100.3563
  -0.00110963     0.4999753      0.866039      148.3217
            0             0             0             1
H_andreff:
  0.9993589  0.01420296  0.03286569    47.52508
0.004370525   0.8626924    -0.50571     100.708
-0.03553556   0.5055295   0.8620773    148.8952
          0           0           0           1
H_didalas:
  0.9957081 -0.06630327 -0.06457033    60.07724
 0.02197691   0.8471152  -0.5309547     110.116
 0.08990254   0.5272568   0.8449366    186.6512
          0           0           0           1
myerror:
1.764725
tsai_error:
2.2956
parkerror:
1.764811
houard_error:
1.763582
andreff_error:
1.675176
didalas_error:
9.645857
