data_number:9
iter      cost      cost_change  |gradient|   |step|    tr_ratio  tr_radius  ls_iter  iter_time  total_time
   0  1.693079e+01    0.00e+00    5.89e-01   0.00e+00   0.00e+00  1.00e+04        0    6.14e-04    6.86e-04
   1  1.121088e-02    1.69e+01    7.05e-01   2.67e-01   9.99e-01  3.00e+04        1    8.09e-04    1.54e-03
   2  4.358264e-03    6.85e-03    2.39e-01   7.29e-03   6.55e-01  3.09e+04        1    7.44e-04    2.30e-03
   3  3.826404e-03    5.32e-04    1.90e-01   4.16e-03   1.84e-01  2.47e+04        1    7.13e-04    3.04e-03
   4  4.117291e-03   -2.91e-04    0.00e+00   3.98e-03  -1.34e-01  1.24e+04        1    2.14e-04    3.26e-03
   5  4.117122e-03   -2.91e-04    0.00e+00   3.98e-03  -1.34e-01  3.09e+03        1    2.53e-04    3.53e-03
   6  4.116106e-03   -2.90e-04    0.00e+00   3.98e-03  -1.33e-01  3.86e+02        1    2.25e-04    3.78e-03
   7  4.106672e-03   -2.80e-04    0.00e+00   3.97e-03  -1.29e-01  2.41e+01        1    2.24e-04    4.02e-03
   8  3.957433e-03   -1.31e-04    0.00e+00   3.84e-03  -6.04e-02  7.54e-01        1    2.22e-04    4.25e-03
   9  2.878879e-03    9.48e-04    1.19e-02   1.94e-03   5.77e-01  7.57e-01        1    7.02e-04    4.96e-03
  10  2.877256e-03    1.62e-06    9.59e-03   1.06e-04   4.29e-03  3.83e-01        1    7.28e-04    5.70e-03
  11  2.876173e-03    1.08e-06    6.40e-03   2.75e-05   4.14e-03  1.94e-01        1    7.50e-04    6.48e-03
  12  2.875762e-03    4.12e-07    4.85e-03   1.37e-05   2.54e-03  9.77e-02        1    7.06e-04    7.20e-03
  13  2.875573e-03    1.88e-07    3.97e-03   7.87e-06   2.05e-03  4.92e-02        1    7.67e-04    7.98e-03
  14  2.875486e-03    8.70e-08    3.49e-03   4.26e-06   1.76e-03  2.47e-02        1    7.03e-04    8.70e-03
  15  2.875445e-03    4.13e-08    3.24e-03   2.22e-06   1.61e-03  1.24e-02        1    6.98e-04    9.41e-03
  16  2.875425e-03    2.00e-08    3.11e-03   1.14e-06   1.53e-03  6.24e-03        1    7.00e-04    1.01e-02
  17  2.875415e-03    9.88e-09    3.05e-03   5.77e-07   1.49e-03  3.13e-03        1    6.98e-04    1.08e-02
  18  2.875410e-03    4.91e-09    3.02e-03   2.91e-07   1.47e-03  1.57e-03        1    7.51e-04    1.16e-02
H_my:
   0.9999934 -0.003381725   0.00131628     47.98333
   0.0035863    0.8655666    -0.500781     100.0652
0.0005541755    0.5007824     0.865573      150.783
           0            0            0            1
H_tsai:
   0.9999319 -0.007504836 -0.008938632     48.24396
 0.003034071    0.9066713   -0.4218268      98.0421
  0.01127014     0.421771    0.9066324     150.4978
           0            0            0            1
H_park:
   0.9999936 -0.003343176  0.001304531     47.98326
 0.003547026    0.8655454   -0.5008179     100.0665
0.0005451915    0.5008193    0.8655517     150.7833
           0            0            0            1
H_houard:
   0.9999941 -0.003114266  0.001483421     47.97546
 0.003438419    0.8654288   -0.5010201     100.0732
0.0002765147    0.5010222    0.8654344     150.7827
           0            0            0            1
H_andreff:
   0.9999549 -0.009315263    0.0018326     47.74231
 0.008957232    0.8617188   -0.5073072     100.7867
 0.003146514    0.5073007    0.8617634     149.9509
           0            0            0            1
H_didalas:
  0.9891835 -0.08870297  -0.1168239    57.98777
 0.01155075   0.8410668   -0.540808    109.3159
   0.146228   0.5336089   0.8329939    193.7793
          0           0           0           1
myerror:
1.860936
tsai_error:
2.405583
parkerror:
1.860852
houard_error:
1.861333
andreff_error:
1.865747
didalas_error:
10.22269
